FANN_FLO_2.1
num_layers=3
learning_rate=0.100000
connection_rate=1.000000
network_type=0
learning_momentum=0.000000
training_algorithm=2
train_error_function=1
train_stop_function=0
cascade_output_change_fraction=0.010000
quickprop_decay=-0.000100
quickprop_mu=1.750000
rprop_increase_factor=1.200000
rprop_decrease_factor=0.500000
rprop_delta_min=0.000000
rprop_delta_max=50.000000
rprop_delta_zero=0.100000
cascade_output_stagnation_epochs=12
cascade_candidate_change_fraction=0.010000
cascade_candidate_stagnation_epochs=12
cascade_max_out_epochs=150
cascade_min_out_epochs=50
cascade_max_cand_epochs=150
cascade_min_cand_epochs=50
cascade_num_candidate_groups=2
bit_fail_limit=3.49999994039535522461e-01
cascade_candidate_limit=1.00000000000000000000e+03
cascade_weight_multiplier=4.00000005960464477539e-01
cascade_activation_functions_count=10
cascade_activation_functions=3 5 7 8 10 11 14 15 16 17 
cascade_activation_steepnesses_count=4
cascade_activation_steepnesses=2.50000000000000000000e-01 5.00000000000000000000e-01 7.50000000000000000000e-01 1.00000000000000000000e+00 
layer_sizes=10 3 2 
scale_included=0
neurons (num_inputs, activation_function, activation_steepness)=(0, 0, 0.00000000000000000000e+00) (0, 0, 0.00000000000000000000e+00) (0, 0, 0.00000000000000000000e+00) (0, 0, 0.00000000000000000000e+00) (0, 0, 0.00000000000000000000e+00) (0, 0, 0.00000000000000000000e+00) (0, 0, 0.00000000000000000000e+00) (0, 0, 0.00000000000000000000e+00) (0, 0, 0.00000000000000000000e+00) (0, 0, 0.00000000000000000000e+00) (10, 3, 5.00000000000000000000e-01) (10, 3, 5.00000000000000000000e-01) (0, 3, 0.00000000000000000000e+00) (3, 0, 5.00000000000000000000e-01) (0, 0, 0.00000000000000000000e+00) 
connections (connected_to_neuron, weight)=(0, -1.88543081283569335938e-01) (1, -5.64389750361442565918e-02) (2, -1.29125535488128662109e-01) (3, -9.90143045783042907715e-02) (4, -1.94132000207901000977e-01) (5, -1.28425016999244689941e-01) (6, -2.11598202586174011230e-02) (7, -1.15194343030452728271e-01) (8, -1.63461551070213317871e-01) (9, -1.18251129984855651855e-01) (0, -7.37217292189598083496e-02) (1, -1.32692351937294006348e-01) (2, -6.16525337100028991699e-02) (3, -1.97780877351760864258e-01) (4, -1.32025629281997680664e-01) (5, -2.11704760789871215820e-01) (6, -2.09343940019607543945e-01) (7, -9.89227071404457092285e-02) (8, -1.50151371955871582031e-01) (9, -7.05224499106407165527e-02) (10, 4.59122583270072937012e-02) (11, 9.19574648141860961914e-02) (12, 3.20418626070022583008e-02) 
