FANN_FLO_2.1
num_layers=3
learning_rate=0.100000
connection_rate=1.000000
network_type=0
learning_momentum=0.000000
training_algorithm=2
train_error_function=1
train_stop_function=0
cascade_output_change_fraction=0.010000
quickprop_decay=-0.000100
quickprop_mu=1.750000
rprop_increase_factor=1.200000
rprop_decrease_factor=0.500000
rprop_delta_min=0.000000
rprop_delta_max=50.000000
rprop_delta_zero=0.100000
cascade_output_stagnation_epochs=12
cascade_candidate_change_fraction=0.010000
cascade_candidate_stagnation_epochs=12
cascade_max_out_epochs=150
cascade_min_out_epochs=50
cascade_max_cand_epochs=150
cascade_min_cand_epochs=50
cascade_num_candidate_groups=2
bit_fail_limit=3.49999994039535522461e-01
cascade_candidate_limit=1.00000000000000000000e+03
cascade_weight_multiplier=4.00000005960464477539e-01
cascade_activation_functions_count=10
cascade_activation_functions=3 5 7 8 10 11 14 15 16 17 
cascade_activation_steepnesses_count=4
cascade_activation_steepnesses=2.50000000000000000000e-01 5.00000000000000000000e-01 7.50000000000000000000e-01 1.00000000000000000000e+00 
layer_sizes=10 3 2 
scale_included=0
neurons (num_inputs, activation_function, activation_steepness)=(0, 0, 0.00000000000000000000e+00) (0, 0, 0.00000000000000000000e+00) (0, 0, 0.00000000000000000000e+00) (0, 0, 0.00000000000000000000e+00) (0, 0, 0.00000000000000000000e+00) (0, 0, 0.00000000000000000000e+00) (0, 0, 0.00000000000000000000e+00) (0, 0, 0.00000000000000000000e+00) (0, 0, 0.00000000000000000000e+00) (0, 0, 0.00000000000000000000e+00) (10, 3, 5.00000000000000000000e-01) (10, 3, 5.00000000000000000000e-01) (0, 3, 0.00000000000000000000e+00) (3, 0, 5.00000000000000000000e-01) (0, 0, 0.00000000000000000000e+00) 
connections (connected_to_neuron, weight)=(0, 1.40621691942214965820e-01) (1, 8.75022858381271362305e-02) (2, 1.92547142505645751953e-01) (3, 1.59350633621215820312e-01) (4, 1.58943802118301391602e-01) (5, 5.76249286532402038574e-02) (6, 1.65458917617797851562e-01) (7, 1.86948478221893310547e-01) (8, 4.79027107357978820801e-02) (9, 7.92783349752426147461e-02) (0, -3.78964468836784362793e-02) (1, -1.43603220582008361816e-01) (2, -3.95410135388374328613e-02) (3, -1.00584998726844787598e-01) (4, -1.95289790630340576172e-01) (5, -4.97769638895988464355e-02) (6, -1.04857839643955230713e-01) (7, -2.81974449753761291504e-02) (8, -1.06416359543800354004e-01) (9, -2.54141166806221008301e-02) (10, 1.71716332435607910156e-01) (11, 7.90418907999992370605e-02) (12, 1.42267853021621704102e-01) 
