FANN_FLO_2.1
num_layers=3
learning_rate=0.100000
connection_rate=1.000000
network_type=0
learning_momentum=0.000000
training_algorithm=2
train_error_function=1
train_stop_function=0
cascade_output_change_fraction=0.010000
quickprop_decay=-0.000100
quickprop_mu=1.750000
rprop_increase_factor=1.200000
rprop_decrease_factor=0.500000
rprop_delta_min=0.000000
rprop_delta_max=50.000000
rprop_delta_zero=0.100000
cascade_output_stagnation_epochs=12
cascade_candidate_change_fraction=0.010000
cascade_candidate_stagnation_epochs=12
cascade_max_out_epochs=150
cascade_min_out_epochs=50
cascade_max_cand_epochs=150
cascade_min_cand_epochs=50
cascade_num_candidate_groups=2
bit_fail_limit=3.49999994039535522461e-01
cascade_candidate_limit=1.00000000000000000000e+03
cascade_weight_multiplier=4.00000005960464477539e-01
cascade_activation_functions_count=10
cascade_activation_functions=3 5 7 8 10 11 14 15 16 17 
cascade_activation_steepnesses_count=4
cascade_activation_steepnesses=2.50000000000000000000e-01 5.00000000000000000000e-01 7.50000000000000000000e-01 1.00000000000000000000e+00 
layer_sizes=19 3 3 
scale_included=0
neurons (num_inputs, activation_function, activation_steepness)=(0, 0, 0.00000000000000000000e+00) (0, 0, 0.00000000000000000000e+00) (0, 0, 0.00000000000000000000e+00) (0, 0, 0.00000000000000000000e+00) (0, 0, 0.00000000000000000000e+00) (0, 0, 0.00000000000000000000e+00) (0, 0, 0.00000000000000000000e+00) (0, 0, 0.00000000000000000000e+00) (0, 0, 0.00000000000000000000e+00) (0, 0, 0.00000000000000000000e+00) (0, 0, 0.00000000000000000000e+00) (0, 0, 0.00000000000000000000e+00) (0, 0, 0.00000000000000000000e+00) (0, 0, 0.00000000000000000000e+00) (0, 0, 0.00000000000000000000e+00) (0, 0, 0.00000000000000000000e+00) (0, 0, 0.00000000000000000000e+00) (0, 0, 0.00000000000000000000e+00) (0, 0, 0.00000000000000000000e+00) (19, 3, 5.00000000000000000000e-01) (19, 3, 5.00000000000000000000e-01) (0, 3, 0.00000000000000000000e+00) (3, 0, 5.00000000000000000000e-01) (3, 0, 5.00000000000000000000e-01) (0, 0, 0.00000000000000000000e+00) 
connections (connected_to_neuron, weight)=(0, -2.12654992938041687012e-02) (1, -2.17237696051597595215e-02) (2, -5.99981620907783508301e-02) (3, -5.54631873965263366699e-02) (4, -1.03252425789833068848e-01) (5, -2.02469587326049804688e-01) (6, -3.49758788943290710449e-02) (7, -1.77185982465744018555e-01) (8, -1.76727682352066040039e-01) (9, -1.32633298635482788086e-01) (10, -1.89034640789031982422e-01) (11, -2.13548019528388977051e-01) (12, -1.62866771221160888672e-01) (13, -1.62391349673271179199e-01) (14, -7.89007470011711120605e-02) (15, -1.79701939225196838379e-01) (16, -6.10420182347297668457e-02) (17, -4.67010363936424255371e-02) (18, -1.85045301914215087891e-01) (0, 1.43455982208251953125e-01) (1, 5.60556054115295410156e-02) (2, 2.16602802276611328125e-01) (3, 1.55184507369995117188e-01) (4, 1.57154053449630737305e-01) (5, 6.92133605480194091797e-02) (6, 5.86943514645099639893e-02) (7, 1.99289053678512573242e-01) (8, 4.83315363526344299316e-02) (9, 9.03821289539337158203e-02) (10, 1.25328272581100463867e-01) (11, 1.84578716754913330078e-01) (12, 8.91166478395462036133e-02) (13, 1.23604513704776763916e-01) (14, 1.44580572843551635742e-01) (15, 5.36534488201141357422e-02) (16, 4.03521060943603515625e-02) (17, 1.62110984325408935547e-01) (18, 3.86775806546211242676e-02) (19, 8.31661224365234375000e-02) (20, 2.05383300781250000000e-01) (21, 1.26044288277626037598e-01) (19, 1.14131480455398559570e-01) (20, 2.11835294961929321289e-01) (21, 1.83177530765533447266e-01) 
