FANN_FLO_2.1
num_layers=3
learning_rate=0.100000
connection_rate=1.000000
network_type=0
learning_momentum=0.000000
training_algorithm=2
train_error_function=1
train_stop_function=0
cascade_output_change_fraction=0.010000
quickprop_decay=-0.000100
quickprop_mu=1.750000
rprop_increase_factor=1.200000
rprop_decrease_factor=0.500000
rprop_delta_min=0.000000
rprop_delta_max=50.000000
rprop_delta_zero=0.100000
cascade_output_stagnation_epochs=12
cascade_candidate_change_fraction=0.010000
cascade_candidate_stagnation_epochs=12
cascade_max_out_epochs=150
cascade_min_out_epochs=50
cascade_max_cand_epochs=150
cascade_min_cand_epochs=50
cascade_num_candidate_groups=2
bit_fail_limit=3.49999994039535522461e-01
cascade_candidate_limit=1.00000000000000000000e+03
cascade_weight_multiplier=4.00000005960464477539e-01
cascade_activation_functions_count=10
cascade_activation_functions=3 5 7 8 10 11 14 15 16 17 
cascade_activation_steepnesses_count=4
cascade_activation_steepnesses=2.50000000000000000000e-01 5.00000000000000000000e-01 7.50000000000000000000e-01 1.00000000000000000000e+00 
layer_sizes=10 3 2 
scale_included=0
neurons (num_inputs, activation_function, activation_steepness)=(0, 0, 0.00000000000000000000e+00) (0, 0, 0.00000000000000000000e+00) (0, 0, 0.00000000000000000000e+00) (0, 0, 0.00000000000000000000e+00) (0, 0, 0.00000000000000000000e+00) (0, 0, 0.00000000000000000000e+00) (0, 0, 0.00000000000000000000e+00) (0, 0, 0.00000000000000000000e+00) (0, 0, 0.00000000000000000000e+00) (0, 0, 0.00000000000000000000e+00) (10, 3, 5.00000000000000000000e-01) (10, 3, 5.00000000000000000000e-01) (0, 3, 0.00000000000000000000e+00) (3, 0, 5.00000000000000000000e-01) (0, 0, 0.00000000000000000000e+00) 
connections (connected_to_neuron, weight)=(0, -2.16164171695709228516e-01) (1, -1.98305010795593261719e-01) (2, -3.61132100224494934082e-02) (3, -1.88247323036193847656e-01) (4, -8.72611179947853088379e-02) (5, -1.90733686089515686035e-01) (6, -2.08541542291641235352e-01) (7, -1.45090386271476745605e-01) (8, -8.34782347083091735840e-02) (9, -8.32477733492851257324e-02) (0, 2.04076230525970458984e-01) (1, 2.00589030981063842773e-01) (2, 2.30276957154273986816e-02) (3, 3.81402596831321716309e-02) (4, 9.28922742605209350586e-02) (5, 7.32755959033966064453e-02) (6, 6.12929835915565490723e-02) (7, 1.91666841506958007812e-01) (8, 1.87037587165832519531e-01) (9, 1.21041715145111083984e-01) (10, 9.18166488409042358398e-02) (11, 1.73286646604537963867e-01) (12, 1.22397795319557189941e-01) 
