FANN_FLO_2.1
num_layers=3
learning_rate=0.100000
connection_rate=1.000000
network_type=0
learning_momentum=0.000000
training_algorithm=2
train_error_function=1
train_stop_function=0
cascade_output_change_fraction=0.010000
quickprop_decay=-0.000100
quickprop_mu=1.750000
rprop_increase_factor=1.200000
rprop_decrease_factor=0.500000
rprop_delta_min=0.000000
rprop_delta_max=50.000000
rprop_delta_zero=0.100000
cascade_output_stagnation_epochs=12
cascade_candidate_change_fraction=0.010000
cascade_candidate_stagnation_epochs=12
cascade_max_out_epochs=150
cascade_min_out_epochs=50
cascade_max_cand_epochs=150
cascade_min_cand_epochs=50
cascade_num_candidate_groups=2
bit_fail_limit=3.49999994039535522461e-01
cascade_candidate_limit=1.00000000000000000000e+03
cascade_weight_multiplier=4.00000005960464477539e-01
cascade_activation_functions_count=10
cascade_activation_functions=3 5 7 8 10 11 14 15 16 17 
cascade_activation_steepnesses_count=4
cascade_activation_steepnesses=2.50000000000000000000e-01 5.00000000000000000000e-01 7.50000000000000000000e-01 1.00000000000000000000e+00 
layer_sizes=19 3 3 
scale_included=0
neurons (num_inputs, activation_function, activation_steepness)=(0, 0, 0.00000000000000000000e+00) (0, 0, 0.00000000000000000000e+00) (0, 0, 0.00000000000000000000e+00) (0, 0, 0.00000000000000000000e+00) (0, 0, 0.00000000000000000000e+00) (0, 0, 0.00000000000000000000e+00) (0, 0, 0.00000000000000000000e+00) (0, 0, 0.00000000000000000000e+00) (0, 0, 0.00000000000000000000e+00) (0, 0, 0.00000000000000000000e+00) (0, 0, 0.00000000000000000000e+00) (0, 0, 0.00000000000000000000e+00) (0, 0, 0.00000000000000000000e+00) (0, 0, 0.00000000000000000000e+00) (0, 0, 0.00000000000000000000e+00) (0, 0, 0.00000000000000000000e+00) (0, 0, 0.00000000000000000000e+00) (0, 0, 0.00000000000000000000e+00) (0, 0, 0.00000000000000000000e+00) (19, 3, 5.00000000000000000000e-01) (19, 3, 5.00000000000000000000e-01) (0, 3, 0.00000000000000000000e+00) (3, 0, 5.00000000000000000000e-01) (3, 0, 5.00000000000000000000e-01) (0, 0, 0.00000000000000000000e+00) 
connections (connected_to_neuron, weight)=(0, -1.37930810451507568359e-01) (1, -1.58241391181945800781e-01) (2, -1.20964057743549346924e-01) (3, -5.84655329585075378418e-02) (4, -2.10722267627716064453e-01) (5, -1.92474186420440673828e-01) (6, -2.01755374670028686523e-01) (7, -3.53144332766532897949e-02) (8, -2.16652736067771911621e-01) (9, -1.90355628728866577148e-01) (10, -1.41897872090339660645e-01) (11, -1.13017141819000244141e-01) (12, -4.16142269968986511230e-02) (13, -2.57955715060234069824e-02) (14, -4.02368381619453430176e-02) (15, -2.05213367938995361328e-01) (16, -2.04963326454162597656e-01) (17, -4.72445562481880187988e-02) (18, -9.78289395570755004883e-02) (0, 1.95364803075790405273e-01) (1, 1.96169167757034301758e-01) (2, 1.68585240840911865234e-01) (3, 1.51059925556182861328e-01) (4, 1.93756997585296630859e-01) (5, 2.03226506710052490234e-01) (6, 5.45134544372558593750e-02) (7, 2.01738506555557250977e-01) (8, 1.09753347933292388916e-01) (9, 3.92637848854064941406e-02) (10, 1.66679084300994873047e-01) (11, 1.75843447446823120117e-01) (12, 1.21332988142967224121e-01) (13, 2.84376814961433410645e-02) (14, 7.48794078826904296875e-02) (15, 8.28674659132957458496e-02) (16, 3.77154275774955749512e-02) (17, 1.02405235171318054199e-01) (18, 1.01112104952335357666e-01) (19, 2.24009975790977478027e-02) (20, 1.05752512812614440918e-01) (21, 1.30756482481956481934e-01) (19, 1.00503131747245788574e-01) (20, 2.12735384702682495117e-01) (21, 1.09142258763313293457e-01) 
