FANN_FLO_2.1
num_layers=3
learning_rate=0.100000
connection_rate=1.000000
network_type=0
learning_momentum=0.000000
training_algorithm=2
train_error_function=1
train_stop_function=0
cascade_output_change_fraction=0.010000
quickprop_decay=-0.000100
quickprop_mu=1.750000
rprop_increase_factor=1.200000
rprop_decrease_factor=0.500000
rprop_delta_min=0.000000
rprop_delta_max=50.000000
rprop_delta_zero=0.100000
cascade_output_stagnation_epochs=12
cascade_candidate_change_fraction=0.010000
cascade_candidate_stagnation_epochs=12
cascade_max_out_epochs=150
cascade_min_out_epochs=50
cascade_max_cand_epochs=150
cascade_min_cand_epochs=50
cascade_num_candidate_groups=2
bit_fail_limit=3.49999994039535522461e-01
cascade_candidate_limit=1.00000000000000000000e+03
cascade_weight_multiplier=4.00000005960464477539e-01
cascade_activation_functions_count=10
cascade_activation_functions=3 5 7 8 10 11 14 15 16 17 
cascade_activation_steepnesses_count=4
cascade_activation_steepnesses=2.50000000000000000000e-01 5.00000000000000000000e-01 7.50000000000000000000e-01 1.00000000000000000000e+00 
layer_sizes=19 3 3 
scale_included=0
neurons (num_inputs, activation_function, activation_steepness)=(0, 0, 0.00000000000000000000e+00) (0, 0, 0.00000000000000000000e+00) (0, 0, 0.00000000000000000000e+00) (0, 0, 0.00000000000000000000e+00) (0, 0, 0.00000000000000000000e+00) (0, 0, 0.00000000000000000000e+00) (0, 0, 0.00000000000000000000e+00) (0, 0, 0.00000000000000000000e+00) (0, 0, 0.00000000000000000000e+00) (0, 0, 0.00000000000000000000e+00) (0, 0, 0.00000000000000000000e+00) (0, 0, 0.00000000000000000000e+00) (0, 0, 0.00000000000000000000e+00) (0, 0, 0.00000000000000000000e+00) (0, 0, 0.00000000000000000000e+00) (0, 0, 0.00000000000000000000e+00) (0, 0, 0.00000000000000000000e+00) (0, 0, 0.00000000000000000000e+00) (0, 0, 0.00000000000000000000e+00) (19, 3, 5.00000000000000000000e-01) (19, 3, 5.00000000000000000000e-01) (0, 3, 0.00000000000000000000e+00) (3, 0, 5.00000000000000000000e-01) (3, 0, 5.00000000000000000000e-01) (0, 0, 0.00000000000000000000e+00) 
connections (connected_to_neuron, weight)=(0, 6.04288838803768157959e-02) (1, 9.73400846123695373535e-02) (2, 1.87272220849990844727e-01) (3, 1.72497212886810302734e-01) (4, 7.32865631580352783203e-02) (5, 1.13736242055892944336e-01) (6, 6.36365860700607299805e-02) (7, 1.84211283922195434570e-01) (8, 1.28953993320465087891e-01) (9, 1.89507961273193359375e-01) (10, 2.11639165878295898438e-01) (11, 2.11166232824325561523e-01) (12, 1.45141065120697021484e-01) (13, 2.18923985958099365234e-01) (14, 2.03008830547332763672e-01) (15, 9.94127318263053894043e-02) (16, 2.79617160558700561523e-02) (17, 1.66271150112152099609e-01) (18, 1.43315047025680541992e-01) (0, 1.98690503835678100586e-01) (1, 2.80871465802192687988e-02) (2, 8.70124101638793945312e-02) (3, 2.68312394618988037109e-02) (4, 1.39171704649925231934e-01) (5, 3.98903116583824157715e-02) (6, 1.89047932624816894531e-01) (7, 2.06335246562957763672e-01) (8, 1.51548862457275390625e-01) (9, 1.08454845845699310303e-01) (10, 9.15885269641876220703e-02) (11, 2.28814035654067993164e-02) (12, 1.48883730173110961914e-01) (13, 1.68928593397140502930e-01) (14, 1.90153628587722778320e-01) (15, 1.01380929350852966309e-01) (16, 2.22151651978492736816e-02) (17, 8.38898643851280212402e-02) (18, 1.45017504692077636719e-01) (19, 1.86426430940628051758e-01) (20, 1.92843854427337646484e-01) (21, 1.14525482058525085449e-01) (19, 1.78065598011016845703e-01) (20, 1.84010088443756103516e-01) (21, 3.96665558218955993652e-02) 
