FANN_FLO_2.1
num_layers=3
learning_rate=0.100000
connection_rate=1.000000
network_type=0
learning_momentum=0.000000
training_algorithm=2
train_error_function=1
train_stop_function=0
cascade_output_change_fraction=0.010000
quickprop_decay=-0.000100
quickprop_mu=1.750000
rprop_increase_factor=1.200000
rprop_decrease_factor=0.500000
rprop_delta_min=0.000000
rprop_delta_max=50.000000
rprop_delta_zero=0.100000
cascade_output_stagnation_epochs=12
cascade_candidate_change_fraction=0.010000
cascade_candidate_stagnation_epochs=12
cascade_max_out_epochs=150
cascade_min_out_epochs=50
cascade_max_cand_epochs=150
cascade_min_cand_epochs=50
cascade_num_candidate_groups=2
bit_fail_limit=3.49999994039535522461e-01
cascade_candidate_limit=1.00000000000000000000e+03
cascade_weight_multiplier=4.00000005960464477539e-01
cascade_activation_functions_count=10
cascade_activation_functions=3 5 7 8 10 11 14 15 16 17 
cascade_activation_steepnesses_count=4
cascade_activation_steepnesses=2.50000000000000000000e-01 5.00000000000000000000e-01 7.50000000000000000000e-01 1.00000000000000000000e+00 
layer_sizes=10 3 2 
scale_included=0
neurons (num_inputs, activation_function, activation_steepness)=(0, 0, 0.00000000000000000000e+00) (0, 0, 0.00000000000000000000e+00) (0, 0, 0.00000000000000000000e+00) (0, 0, 0.00000000000000000000e+00) (0, 0, 0.00000000000000000000e+00) (0, 0, 0.00000000000000000000e+00) (0, 0, 0.00000000000000000000e+00) (0, 0, 0.00000000000000000000e+00) (0, 0, 0.00000000000000000000e+00) (0, 0, 0.00000000000000000000e+00) (10, 3, 5.00000000000000000000e-01) (10, 3, 5.00000000000000000000e-01) (0, 3, 0.00000000000000000000e+00) (3, 0, 5.00000000000000000000e-01) (0, 0, 0.00000000000000000000e+00) 
connections (connected_to_neuron, weight)=(0, 8.32184106111526489258e-02) (1, 5.58709427714347839355e-02) (2, 9.85739380121231079102e-02) (3, 2.17459261417388916016e-01) (4, 6.09969384968280792236e-02) (5, 1.35756611824035644531e-01) (6, 1.70412480831146240234e-01) (7, 8.66152495145797729492e-02) (8, 1.19801521301269531250e-01) (9, 1.40123233199119567871e-01) (0, 5.20692467689514160156e-02) (1, 1.81864380836486816406e-01) (2, 3.76250520348548889160e-02) (3, 1.51630759239196777344e-01) (4, 2.05485492944717407227e-01) (5, 1.94373250007629394531e-01) (6, 6.91233128309249877930e-02) (7, 2.87199243903160095215e-02) (8, 1.34943291544914245605e-01) (9, 2.09386378526687622070e-01) (10, 1.20044991374015808105e-01) (11, 1.66724979877471923828e-01) (12, 2.02927976846694946289e-01) 
