FANN_FLO_2.1
num_layers=3
learning_rate=0.100000
connection_rate=1.000000
network_type=0
learning_momentum=0.000000
training_algorithm=2
train_error_function=1
train_stop_function=0
cascade_output_change_fraction=0.010000
quickprop_decay=-0.000100
quickprop_mu=1.750000
rprop_increase_factor=1.200000
rprop_decrease_factor=0.500000
rprop_delta_min=0.000000
rprop_delta_max=50.000000
rprop_delta_zero=0.100000
cascade_output_stagnation_epochs=12
cascade_candidate_change_fraction=0.010000
cascade_candidate_stagnation_epochs=12
cascade_max_out_epochs=150
cascade_min_out_epochs=50
cascade_max_cand_epochs=150
cascade_min_cand_epochs=50
cascade_num_candidate_groups=2
bit_fail_limit=3.49999994039535522461e-01
cascade_candidate_limit=1.00000000000000000000e+03
cascade_weight_multiplier=4.00000005960464477539e-01
cascade_activation_functions_count=10
cascade_activation_functions=3 5 7 8 10 11 14 15 16 17 
cascade_activation_steepnesses_count=4
cascade_activation_steepnesses=2.50000000000000000000e-01 5.00000000000000000000e-01 7.50000000000000000000e-01 1.00000000000000000000e+00 
layer_sizes=19 3 3 
scale_included=0
neurons (num_inputs, activation_function, activation_steepness)=(0, 0, 0.00000000000000000000e+00) (0, 0, 0.00000000000000000000e+00) (0, 0, 0.00000000000000000000e+00) (0, 0, 0.00000000000000000000e+00) (0, 0, 0.00000000000000000000e+00) (0, 0, 0.00000000000000000000e+00) (0, 0, 0.00000000000000000000e+00) (0, 0, 0.00000000000000000000e+00) (0, 0, 0.00000000000000000000e+00) (0, 0, 0.00000000000000000000e+00) (0, 0, 0.00000000000000000000e+00) (0, 0, 0.00000000000000000000e+00) (0, 0, 0.00000000000000000000e+00) (0, 0, 0.00000000000000000000e+00) (0, 0, 0.00000000000000000000e+00) (0, 0, 0.00000000000000000000e+00) (0, 0, 0.00000000000000000000e+00) (0, 0, 0.00000000000000000000e+00) (0, 0, 0.00000000000000000000e+00) (19, 3, 5.00000000000000000000e-01) (19, 3, 5.00000000000000000000e-01) (0, 3, 0.00000000000000000000e+00) (3, 0, 5.00000000000000000000e-01) (3, 0, 5.00000000000000000000e-01) (0, 0, 0.00000000000000000000e+00) 
connections (connected_to_neuron, weight)=(0, -1.14385463297367095947e-01) (1, -1.12976156175136566162e-01) (2, -1.54484480619430541992e-01) (3, -5.04715368151664733887e-02) (4, -3.31088379025459289551e-02) (5, -6.15045204758644104004e-02) (6, -1.19548693299293518066e-01) (7, -1.43055260181427001953e-01) (8, -3.34134027361869812012e-02) (9, -5.99137321114540100098e-02) (10, -5.72793707251548767090e-02) (11, -9.51150283217430114746e-02) (12, -2.12049439549446105957e-01) (13, -5.80060705542564392090e-02) (14, -2.09249570965766906738e-01) (15, -2.06898957490921020508e-01) (16, -2.16392159461975097656e-01) (17, -1.52508646249771118164e-01) (18, -1.75503671169281005859e-01) (0, -1.45321443676948547363e-01) (1, -3.33398506045341491699e-02) (2, -3.91230806708335876465e-02) (3, -9.06599387526512145996e-02) (4, -2.05325037240982055664e-01) (5, -2.08237439393997192383e-01) (6, -9.79084521532058715820e-02) (7, -1.16747021675109863281e-01) (8, -3.73523756861686706543e-02) (9, -2.81917527318000793457e-02) (10, -1.03302374482154846191e-01) (11, -1.93098455667495727539e-01) (12, -1.22577212750911712646e-01) (13, -1.96278527379035949707e-01) (14, -1.27582937479019165039e-01) (15, -1.53048738837242126465e-01) (16, -2.09387362003326416016e-01) (17, -1.69087439775466918945e-01) (18, -5.25974258780479431152e-02) (19, 1.07557386159896850586e-01) (20, 5.74991628527641296387e-02) (21, 1.47488862276077270508e-01) (19, 7.02780187129974365234e-02) (20, 1.82384133338928222656e-01) (21, 1.55439436435699462891e-01) 
