FANN_FLO_2.1
num_layers=3
learning_rate=0.100000
connection_rate=1.000000
network_type=0
learning_momentum=0.000000
training_algorithm=2
train_error_function=1
train_stop_function=0
cascade_output_change_fraction=0.010000
quickprop_decay=-0.000100
quickprop_mu=1.750000
rprop_increase_factor=1.200000
rprop_decrease_factor=0.500000
rprop_delta_min=0.000000
rprop_delta_max=50.000000
rprop_delta_zero=0.100000
cascade_output_stagnation_epochs=12
cascade_candidate_change_fraction=0.010000
cascade_candidate_stagnation_epochs=12
cascade_max_out_epochs=150
cascade_min_out_epochs=50
cascade_max_cand_epochs=150
cascade_min_cand_epochs=50
cascade_num_candidate_groups=2
bit_fail_limit=3.49999994039535522461e-01
cascade_candidate_limit=1.00000000000000000000e+03
cascade_weight_multiplier=4.00000005960464477539e-01
cascade_activation_functions_count=10
cascade_activation_functions=3 5 7 8 10 11 14 15 16 17 
cascade_activation_steepnesses_count=4
cascade_activation_steepnesses=2.50000000000000000000e-01 5.00000000000000000000e-01 7.50000000000000000000e-01 1.00000000000000000000e+00 
layer_sizes=19 3 3 
scale_included=0
neurons (num_inputs, activation_function, activation_steepness)=(0, 0, 0.00000000000000000000e+00) (0, 0, 0.00000000000000000000e+00) (0, 0, 0.00000000000000000000e+00) (0, 0, 0.00000000000000000000e+00) (0, 0, 0.00000000000000000000e+00) (0, 0, 0.00000000000000000000e+00) (0, 0, 0.00000000000000000000e+00) (0, 0, 0.00000000000000000000e+00) (0, 0, 0.00000000000000000000e+00) (0, 0, 0.00000000000000000000e+00) (0, 0, 0.00000000000000000000e+00) (0, 0, 0.00000000000000000000e+00) (0, 0, 0.00000000000000000000e+00) (0, 0, 0.00000000000000000000e+00) (0, 0, 0.00000000000000000000e+00) (0, 0, 0.00000000000000000000e+00) (0, 0, 0.00000000000000000000e+00) (0, 0, 0.00000000000000000000e+00) (0, 0, 0.00000000000000000000e+00) (19, 3, 5.00000000000000000000e-01) (19, 3, 5.00000000000000000000e-01) (0, 3, 0.00000000000000000000e+00) (3, 0, 5.00000000000000000000e-01) (3, 0, 5.00000000000000000000e-01) (0, 0, 0.00000000000000000000e+00) 
connections (connected_to_neuron, weight)=(0, -2.13503509759902954102e-01) (1, -1.72602266073226928711e-01) (2, -2.65394970774650573730e-02) (3, -4.59312275052070617676e-02) (4, -1.07258893549442291260e-01) (5, -2.74092480540275573730e-02) (6, -1.04246161878108978271e-01) (7, -2.18179985880851745605e-01) (8, -1.78755044937133789062e-01) (9, -1.65942847728729248047e-01) (10, -9.47500243782997131348e-02) (11, -9.47406366467475891113e-02) (12, -9.72387045621871948242e-02) (13, -8.81714895367622375488e-02) (14, -4.52598854899406433105e-02) (15, -8.68109986186027526855e-02) (16, -1.48053795099258422852e-01) (17, -1.94590985774993896484e-01) (18, -1.61007285118103027344e-01) (0, 2.93802693486213684082e-02) (1, 4.53839823603630065918e-02) (2, 1.55450463294982910156e-01) (3, 2.03867256641387939453e-01) (4, 1.98062688112258911133e-01) (5, 6.73376619815826416016e-02) (6, 1.02537743747234344482e-01) (7, 1.68290883302688598633e-01) (8, 1.70414447784423828125e-01) (9, 7.30109810829162597656e-02) (10, 7.42603987455368041992e-02) (11, 1.91808521747589111328e-01) (12, 7.95074701309204101562e-02) (13, 1.21658146381378173828e-01) (14, 1.85269027948379516602e-01) (15, 5.35762608051300048828e-02) (16, 3.43992635607719421387e-02) (17, 1.77859753370285034180e-01) (18, 1.69330090284347534180e-01) (19, 3.62192839384078979492e-02) (20, 2.19104737043380737305e-01) (21, 2.33872458338737487793e-02) (19, 1.61469280719757080078e-01) (20, 1.44364088773727416992e-01) (21, 1.46148562431335449219e-01) 
