FANN_FLO_2.1
num_layers=3
learning_rate=0.100000
connection_rate=1.000000
network_type=0
learning_momentum=0.000000
training_algorithm=2
train_error_function=1
train_stop_function=0
cascade_output_change_fraction=0.010000
quickprop_decay=-0.000100
quickprop_mu=1.750000
rprop_increase_factor=1.200000
rprop_decrease_factor=0.500000
rprop_delta_min=0.000000
rprop_delta_max=50.000000
rprop_delta_zero=0.100000
cascade_output_stagnation_epochs=12
cascade_candidate_change_fraction=0.010000
cascade_candidate_stagnation_epochs=12
cascade_max_out_epochs=150
cascade_min_out_epochs=50
cascade_max_cand_epochs=150
cascade_min_cand_epochs=50
cascade_num_candidate_groups=2
bit_fail_limit=3.49999994039535522461e-01
cascade_candidate_limit=1.00000000000000000000e+03
cascade_weight_multiplier=4.00000005960464477539e-01
cascade_activation_functions_count=10
cascade_activation_functions=3 5 7 8 10 11 14 15 16 17 
cascade_activation_steepnesses_count=4
cascade_activation_steepnesses=2.50000000000000000000e-01 5.00000000000000000000e-01 7.50000000000000000000e-01 1.00000000000000000000e+00 
layer_sizes=19 3 3 
scale_included=0
neurons (num_inputs, activation_function, activation_steepness)=(0, 0, 0.00000000000000000000e+00) (0, 0, 0.00000000000000000000e+00) (0, 0, 0.00000000000000000000e+00) (0, 0, 0.00000000000000000000e+00) (0, 0, 0.00000000000000000000e+00) (0, 0, 0.00000000000000000000e+00) (0, 0, 0.00000000000000000000e+00) (0, 0, 0.00000000000000000000e+00) (0, 0, 0.00000000000000000000e+00) (0, 0, 0.00000000000000000000e+00) (0, 0, 0.00000000000000000000e+00) (0, 0, 0.00000000000000000000e+00) (0, 0, 0.00000000000000000000e+00) (0, 0, 0.00000000000000000000e+00) (0, 0, 0.00000000000000000000e+00) (0, 0, 0.00000000000000000000e+00) (0, 0, 0.00000000000000000000e+00) (0, 0, 0.00000000000000000000e+00) (0, 0, 0.00000000000000000000e+00) (19, 3, 5.00000000000000000000e-01) (19, 3, 5.00000000000000000000e-01) (0, 3, 0.00000000000000000000e+00) (3, 0, 5.00000000000000000000e-01) (3, 0, 5.00000000000000000000e-01) (0, 0, 0.00000000000000000000e+00) 
connections (connected_to_neuron, weight)=(0, -4.86022010445594787598e-02) (1, -3.35616096854209899902e-02) (2, -8.61701741814613342285e-02) (3, -7.95656964182853698730e-02) (4, -1.70991450548171997070e-01) (5, -1.87034413218498229980e-01) (6, -1.55488535761833190918e-01) (7, -1.91241413354873657227e-01) (8, -7.60806128382682800293e-02) (9, -1.55309692025184631348e-01) (10, -1.08234688639640808105e-01) (11, -1.00728318095207214355e-01) (12, -1.16777852177619934082e-01) (13, -2.17187479138374328613e-01) (14, -2.19086050987243652344e-01) (15, -1.97436213493347167969e-01) (16, -4.82640936970710754395e-02) (17, -7.76952430605888366699e-02) (18, -3.05418744683265686035e-02) (0, -1.92284166812896728516e-01) (1, -1.87704592943191528320e-01) (2, -1.64569765329360961914e-01) (3, -1.81453153491020202637e-01) (4, -9.72655564546585083008e-02) (5, -1.58103942871093750000e-01) (6, -2.17821523547172546387e-01) (7, -2.18964591622352600098e-01) (8, -1.33534386754035949707e-01) (9, -8.23775753378868103027e-02) (10, -6.50897547602653503418e-02) (11, -2.04683914780616760254e-02) (12, -1.10979773104190826416e-01) (13, -7.86513611674308776855e-02) (14, -8.66385623812675476074e-02) (15, -1.70545458793640136719e-01) (16, -2.96428129076957702637e-02) (17, -5.36729618906974792480e-02) (18, -1.06033995747566223145e-01) (19, 3.91157865524291992188e-02) (20, 1.30246430635452270508e-01) (21, 1.98656320571899414062e-01) (19, 1.50881111621856689453e-01) (20, 4.95181009173393249512e-02) (21, 1.01878479123115539551e-01) 
