FANN_FLO_2.1
num_layers=3
learning_rate=0.100000
connection_rate=1.000000
network_type=0
learning_momentum=0.000000
training_algorithm=2
train_error_function=1
train_stop_function=0
cascade_output_change_fraction=0.010000
quickprop_decay=-0.000100
quickprop_mu=1.750000
rprop_increase_factor=1.200000
rprop_decrease_factor=0.500000
rprop_delta_min=0.000000
rprop_delta_max=50.000000
rprop_delta_zero=0.100000
cascade_output_stagnation_epochs=12
cascade_candidate_change_fraction=0.010000
cascade_candidate_stagnation_epochs=12
cascade_max_out_epochs=150
cascade_min_out_epochs=50
cascade_max_cand_epochs=150
cascade_min_cand_epochs=50
cascade_num_candidate_groups=2
bit_fail_limit=3.49999994039535522461e-01
cascade_candidate_limit=1.00000000000000000000e+03
cascade_weight_multiplier=4.00000005960464477539e-01
cascade_activation_functions_count=10
cascade_activation_functions=3 5 7 8 10 11 14 15 16 17 
cascade_activation_steepnesses_count=4
cascade_activation_steepnesses=2.50000000000000000000e-01 5.00000000000000000000e-01 7.50000000000000000000e-01 1.00000000000000000000e+00 
layer_sizes=19 3 3 
scale_included=0
neurons (num_inputs, activation_function, activation_steepness)=(0, 0, 0.00000000000000000000e+00) (0, 0, 0.00000000000000000000e+00) (0, 0, 0.00000000000000000000e+00) (0, 0, 0.00000000000000000000e+00) (0, 0, 0.00000000000000000000e+00) (0, 0, 0.00000000000000000000e+00) (0, 0, 0.00000000000000000000e+00) (0, 0, 0.00000000000000000000e+00) (0, 0, 0.00000000000000000000e+00) (0, 0, 0.00000000000000000000e+00) (0, 0, 0.00000000000000000000e+00) (0, 0, 0.00000000000000000000e+00) (0, 0, 0.00000000000000000000e+00) (0, 0, 0.00000000000000000000e+00) (0, 0, 0.00000000000000000000e+00) (0, 0, 0.00000000000000000000e+00) (0, 0, 0.00000000000000000000e+00) (0, 0, 0.00000000000000000000e+00) (0, 0, 0.00000000000000000000e+00) (19, 3, 5.00000000000000000000e-01) (19, 3, 5.00000000000000000000e-01) (0, 3, 0.00000000000000000000e+00) (3, 0, 5.00000000000000000000e-01) (3, 0, 5.00000000000000000000e-01) (0, 0, 0.00000000000000000000e+00) 
connections (connected_to_neuron, weight)=(0, 7.72220343351364135742e-02) (1, 6.40804693102836608887e-02) (2, 3.47467586398124694824e-02) (3, 1.24578192830085754395e-01) (4, 5.20714521408081054688e-02) (5, 1.73287123441696166992e-01) (6, 5.75869567692279815674e-02) (7, 1.34531304240226745605e-01) (8, 1.69948816299438476562e-01) (9, 8.18878263235092163086e-02) (10, 1.89281046390533447266e-01) (11, 2.74263694882392883301e-02) (12, 4.45323064923286437988e-02) (13, 5.35833090543746948242e-02) (14, 6.03256374597549438477e-02) (15, 1.94676697254180908203e-01) (16, 5.41256070137023925781e-02) (17, 9.46896821260452270508e-02) (18, 1.55685424804687500000e-01) (0, -2.01675087213516235352e-01) (1, -6.44463822245597839355e-02) (2, -1.72628492116928100586e-01) (3, -1.89170971512794494629e-01) (4, -1.34718358516693115234e-01) (5, -1.53733521699905395508e-01) (6, -1.38377577066421508789e-01) (7, -1.66646242141723632812e-01) (8, -1.73084229230880737305e-01) (9, -3.50017175078392028809e-02) (10, -3.83216515183448791504e-02) (11, -6.69479742646217346191e-02) (12, -1.77779689431190490723e-01) (13, -1.94241181015968322754e-01) (14, -5.22012189030647277832e-02) (15, -7.32014998793601989746e-02) (16, -1.62169724702835083008e-01) (17, -9.89141091704368591309e-02) (18, -3.56145426630973815918e-02) (19, 1.92361593246459960938e-01) (20, 9.10346955060958862305e-02) (21, 6.62732720375061035156e-02) (19, 1.61642611026763916016e-01) (20, 9.84610617160797119141e-02) (21, 9.08055752515792846680e-02) 
