FANN_FLO_2.1
num_layers=3
learning_rate=0.100000
connection_rate=1.000000
network_type=0
learning_momentum=0.000000
training_algorithm=2
train_error_function=1
train_stop_function=0
cascade_output_change_fraction=0.010000
quickprop_decay=-0.000100
quickprop_mu=1.750000
rprop_increase_factor=1.200000
rprop_decrease_factor=0.500000
rprop_delta_min=0.000000
rprop_delta_max=50.000000
rprop_delta_zero=0.100000
cascade_output_stagnation_epochs=12
cascade_candidate_change_fraction=0.010000
cascade_candidate_stagnation_epochs=12
cascade_max_out_epochs=150
cascade_min_out_epochs=50
cascade_max_cand_epochs=150
cascade_min_cand_epochs=50
cascade_num_candidate_groups=2
bit_fail_limit=3.49999994039535522461e-01
cascade_candidate_limit=1.00000000000000000000e+03
cascade_weight_multiplier=4.00000005960464477539e-01
cascade_activation_functions_count=10
cascade_activation_functions=3 5 7 8 10 11 14 15 16 17 
cascade_activation_steepnesses_count=4
cascade_activation_steepnesses=2.50000000000000000000e-01 5.00000000000000000000e-01 7.50000000000000000000e-01 1.00000000000000000000e+00 
layer_sizes=19 3 3 
scale_included=0
neurons (num_inputs, activation_function, activation_steepness)=(0, 0, 0.00000000000000000000e+00) (0, 0, 0.00000000000000000000e+00) (0, 0, 0.00000000000000000000e+00) (0, 0, 0.00000000000000000000e+00) (0, 0, 0.00000000000000000000e+00) (0, 0, 0.00000000000000000000e+00) (0, 0, 0.00000000000000000000e+00) (0, 0, 0.00000000000000000000e+00) (0, 0, 0.00000000000000000000e+00) (0, 0, 0.00000000000000000000e+00) (0, 0, 0.00000000000000000000e+00) (0, 0, 0.00000000000000000000e+00) (0, 0, 0.00000000000000000000e+00) (0, 0, 0.00000000000000000000e+00) (0, 0, 0.00000000000000000000e+00) (0, 0, 0.00000000000000000000e+00) (0, 0, 0.00000000000000000000e+00) (0, 0, 0.00000000000000000000e+00) (0, 0, 0.00000000000000000000e+00) (19, 3, 5.00000000000000000000e-01) (19, 3, 5.00000000000000000000e-01) (0, 3, 0.00000000000000000000e+00) (3, 0, 5.00000000000000000000e-01) (3, 0, 5.00000000000000000000e-01) (0, 0, 0.00000000000000000000e+00) 
connections (connected_to_neuron, weight)=(0, -2.01109647750854492188e-01) (1, -1.03755652904510498047e-01) (2, -1.84381097555160522461e-01) (3, -1.54514625668525695801e-01) (4, -1.62348434329032897949e-01) (5, -2.09053725004196166992e-01) (6, -1.26540914177894592285e-01) (7, -8.00013169646263122559e-02) (8, -1.90043836832046508789e-01) (9, -8.42805430293083190918e-02) (10, -1.02612301707267761230e-01) (11, -2.09913283586502075195e-01) (12, -1.55839055776596069336e-01) (13, -2.16807574033737182617e-01) (14, -5.86253926157951354980e-02) (15, -1.94730699062347412109e-01) (16, -1.91564202308654785156e-01) (17, -5.91489598155021667480e-02) (18, -1.52504354715347290039e-01) (0, -2.06298395991325378418e-01) (1, -1.43380910158157348633e-01) (2, -1.99565976858139038086e-01) (3, -7.09978863596916198730e-02) (4, -7.85080716013908386230e-02) (5, -1.04080438613891601562e-01) (6, -2.02971518039703369141e-01) (7, -2.24761143326759338379e-02) (8, -8.73088613152503967285e-02) (9, -7.70624950528144836426e-02) (10, -9.20345708727836608887e-02) (11, -5.01295849680900573730e-02) (12, -5.81721439957618713379e-02) (13, -1.75790220499038696289e-01) (14, -2.14510679244995117188e-01) (15, -1.92686766386032104492e-01) (16, -1.18138656020164489746e-01) (17, -2.03564390540122985840e-01) (18, -9.92276668548583984375e-02) (19, 6.18600323796272277832e-02) (20, 6.63917809724807739258e-02) (21, 7.64918029308319091797e-02) (19, 1.79247736930847167969e-01) (20, 7.64784961938858032227e-02) (21, 1.40652745962142944336e-01) 
