FANN_FLO_2.1
num_layers=3
learning_rate=0.100000
connection_rate=1.000000
network_type=0
learning_momentum=0.000000
training_algorithm=2
train_error_function=1
train_stop_function=0
cascade_output_change_fraction=0.010000
quickprop_decay=-0.000100
quickprop_mu=1.750000
rprop_increase_factor=1.200000
rprop_decrease_factor=0.500000
rprop_delta_min=0.000000
rprop_delta_max=50.000000
rprop_delta_zero=0.100000
cascade_output_stagnation_epochs=12
cascade_candidate_change_fraction=0.010000
cascade_candidate_stagnation_epochs=12
cascade_max_out_epochs=150
cascade_min_out_epochs=50
cascade_max_cand_epochs=150
cascade_min_cand_epochs=50
cascade_num_candidate_groups=2
bit_fail_limit=3.49999994039535522461e-01
cascade_candidate_limit=1.00000000000000000000e+03
cascade_weight_multiplier=4.00000005960464477539e-01
cascade_activation_functions_count=10
cascade_activation_functions=3 5 7 8 10 11 14 15 16 17 
cascade_activation_steepnesses_count=4
cascade_activation_steepnesses=2.50000000000000000000e-01 5.00000000000000000000e-01 7.50000000000000000000e-01 1.00000000000000000000e+00 
layer_sizes=19 3 3 
scale_included=0
neurons (num_inputs, activation_function, activation_steepness)=(0, 0, 0.00000000000000000000e+00) (0, 0, 0.00000000000000000000e+00) (0, 0, 0.00000000000000000000e+00) (0, 0, 0.00000000000000000000e+00) (0, 0, 0.00000000000000000000e+00) (0, 0, 0.00000000000000000000e+00) (0, 0, 0.00000000000000000000e+00) (0, 0, 0.00000000000000000000e+00) (0, 0, 0.00000000000000000000e+00) (0, 0, 0.00000000000000000000e+00) (0, 0, 0.00000000000000000000e+00) (0, 0, 0.00000000000000000000e+00) (0, 0, 0.00000000000000000000e+00) (0, 0, 0.00000000000000000000e+00) (0, 0, 0.00000000000000000000e+00) (0, 0, 0.00000000000000000000e+00) (0, 0, 0.00000000000000000000e+00) (0, 0, 0.00000000000000000000e+00) (0, 0, 0.00000000000000000000e+00) (19, 3, 5.00000000000000000000e-01) (19, 3, 5.00000000000000000000e-01) (0, 3, 0.00000000000000000000e+00) (3, 0, 5.00000000000000000000e-01) (3, 0, 5.00000000000000000000e-01) (0, 0, 0.00000000000000000000e+00) 
connections (connected_to_neuron, weight)=(0, -9.46635380387306213379e-02) (1, -1.87236458063125610352e-01) (2, -9.39176306128501892090e-02) (3, -4.89672794938087463379e-02) (4, -1.17647841572761535645e-01) (5, -9.31956544518470764160e-02) (6, -3.85370030999183654785e-02) (7, -5.93177154660224914551e-02) (8, -1.42394661903381347656e-01) (9, -6.87716379761695861816e-02) (10, -1.77516177296638488770e-01) (11, -1.76677688956260681152e-01) (12, -1.34231358766555786133e-01) (13, -5.41098043322563171387e-02) (14, -4.92971763014793395996e-02) (15, -8.31683948636054992676e-02) (16, -1.23266294598579406738e-01) (17, -2.01760336756706237793e-01) (18, -8.19572582840919494629e-02) (0, 1.38163268566131591797e-01) (1, 1.75233125686645507812e-01) (2, 1.50016903877258300781e-01) (3, 1.16844579577445983887e-01) (4, 7.36894905567169189453e-02) (5, 1.28873601555824279785e-01) (6, 9.22455862164497375488e-02) (7, 1.92435681819915771484e-01) (8, 9.39618796110153198242e-02) (9, 1.74950659275054931641e-01) (10, 1.93763673305511474609e-01) (11, 8.29206407070159912109e-02) (12, 1.00287139415740966797e-01) (13, 2.65272036194801330566e-02) (14, 2.09003031253814697266e-01) (15, 7.13198632001876831055e-02) (16, 1.28879383206367492676e-01) (17, 1.35807365179061889648e-01) (18, 5.27828633785247802734e-02) (19, 8.95616635680198669434e-02) (20, 2.13412702083587646484e-01) (21, 2.04011231660842895508e-01) (19, 1.32045492529869079590e-01) (20, 5.67350238561630249023e-02) (21, 8.97798836231231689453e-02) 
