FANN_FLO_2.1
num_layers=3
learning_rate=0.100000
connection_rate=1.000000
network_type=0
learning_momentum=0.000000
training_algorithm=2
train_error_function=1
train_stop_function=0
cascade_output_change_fraction=0.010000
quickprop_decay=-0.000100
quickprop_mu=1.750000
rprop_increase_factor=1.200000
rprop_decrease_factor=0.500000
rprop_delta_min=0.000000
rprop_delta_max=50.000000
rprop_delta_zero=0.100000
cascade_output_stagnation_epochs=12
cascade_candidate_change_fraction=0.010000
cascade_candidate_stagnation_epochs=12
cascade_max_out_epochs=150
cascade_min_out_epochs=50
cascade_max_cand_epochs=150
cascade_min_cand_epochs=50
cascade_num_candidate_groups=2
bit_fail_limit=3.49999994039535522461e-01
cascade_candidate_limit=1.00000000000000000000e+03
cascade_weight_multiplier=4.00000005960464477539e-01
cascade_activation_functions_count=10
cascade_activation_functions=3 5 7 8 10 11 14 15 16 17 
cascade_activation_steepnesses_count=4
cascade_activation_steepnesses=2.50000000000000000000e-01 5.00000000000000000000e-01 7.50000000000000000000e-01 1.00000000000000000000e+00 
layer_sizes=19 3 3 
scale_included=0
neurons (num_inputs, activation_function, activation_steepness)=(0, 0, 0.00000000000000000000e+00) (0, 0, 0.00000000000000000000e+00) (0, 0, 0.00000000000000000000e+00) (0, 0, 0.00000000000000000000e+00) (0, 0, 0.00000000000000000000e+00) (0, 0, 0.00000000000000000000e+00) (0, 0, 0.00000000000000000000e+00) (0, 0, 0.00000000000000000000e+00) (0, 0, 0.00000000000000000000e+00) (0, 0, 0.00000000000000000000e+00) (0, 0, 0.00000000000000000000e+00) (0, 0, 0.00000000000000000000e+00) (0, 0, 0.00000000000000000000e+00) (0, 0, 0.00000000000000000000e+00) (0, 0, 0.00000000000000000000e+00) (0, 0, 0.00000000000000000000e+00) (0, 0, 0.00000000000000000000e+00) (0, 0, 0.00000000000000000000e+00) (0, 0, 0.00000000000000000000e+00) (19, 3, 5.00000000000000000000e-01) (19, 3, 5.00000000000000000000e-01) (0, 3, 0.00000000000000000000e+00) (3, 0, 5.00000000000000000000e-01) (3, 0, 5.00000000000000000000e-01) (0, 0, 0.00000000000000000000e+00) 
connections (connected_to_neuron, weight)=(0, 1.60797625780105590820e-01) (1, 1.78966224193572998047e-01) (2, 5.60743659734725952148e-02) (3, 1.33190244436264038086e-01) (4, 2.59990543127059936523e-02) (5, 1.72562539577484130859e-01) (6, 2.06097155809402465820e-01) (7, 1.94423377513885498047e-01) (8, 1.38176381587982177734e-01) (9, 7.00746476650238037109e-02) (10, 2.93866470456123352051e-02) (11, 5.13162016868591308594e-02) (12, 1.07542544603347778320e-01) (13, 2.46740207076072692871e-02) (14, 6.81739747524261474609e-02) (15, 1.93882435560226440430e-01) (16, 1.13208949565887451172e-01) (17, 2.22346335649490356445e-02) (18, 1.58323109149932861328e-01) (0, -1.41919776797294616699e-01) (1, -2.12018519639968872070e-01) (2, -1.42691373825073242188e-01) (3, -1.81304037570953369141e-01) (4, -2.18290328979492187500e-01) (5, -1.79203301668167114258e-01) (6, -8.79990831017494201660e-02) (7, -1.63523182272911071777e-01) (8, -2.13896036148071289062e-01) (9, -1.29689276218414306641e-01) (10, -6.16478845477104187012e-02) (11, -9.19789597392082214355e-02) (12, -1.88891649246215820312e-01) (13, -1.02681659162044525146e-01) (14, -5.59046044945716857910e-02) (15, -7.57014229893684387207e-02) (16, -9.66826081275939941406e-02) (17, -1.03342056274414062500e-01) (18, -8.96042808890342712402e-02) (19, 1.17740765213966369629e-01) (20, 5.48343360424041748047e-02) (21, 2.00470387935638427734e-01) (19, 1.27127408981323242188e-01) (20, 8.61505344510078430176e-02) (21, 8.80129188299179077148e-02) 
