FANN_FLO_2.1
num_layers=3
learning_rate=0.100000
connection_rate=1.000000
network_type=0
learning_momentum=0.000000
training_algorithm=2
train_error_function=1
train_stop_function=0
cascade_output_change_fraction=0.010000
quickprop_decay=-0.000100
quickprop_mu=1.750000
rprop_increase_factor=1.200000
rprop_decrease_factor=0.500000
rprop_delta_min=0.000000
rprop_delta_max=50.000000
rprop_delta_zero=0.100000
cascade_output_stagnation_epochs=12
cascade_candidate_change_fraction=0.010000
cascade_candidate_stagnation_epochs=12
cascade_max_out_epochs=150
cascade_min_out_epochs=50
cascade_max_cand_epochs=150
cascade_min_cand_epochs=50
cascade_num_candidate_groups=2
bit_fail_limit=3.49999994039535522461e-01
cascade_candidate_limit=1.00000000000000000000e+03
cascade_weight_multiplier=4.00000005960464477539e-01
cascade_activation_functions_count=10
cascade_activation_functions=3 5 7 8 10 11 14 15 16 17 
cascade_activation_steepnesses_count=4
cascade_activation_steepnesses=2.50000000000000000000e-01 5.00000000000000000000e-01 7.50000000000000000000e-01 1.00000000000000000000e+00 
layer_sizes=10 3 2 
scale_included=0
neurons (num_inputs, activation_function, activation_steepness)=(0, 0, 0.00000000000000000000e+00) (0, 0, 0.00000000000000000000e+00) (0, 0, 0.00000000000000000000e+00) (0, 0, 0.00000000000000000000e+00) (0, 0, 0.00000000000000000000e+00) (0, 0, 0.00000000000000000000e+00) (0, 0, 0.00000000000000000000e+00) (0, 0, 0.00000000000000000000e+00) (0, 0, 0.00000000000000000000e+00) (0, 0, 0.00000000000000000000e+00) (10, 3, 5.00000000000000000000e-01) (10, 3, 5.00000000000000000000e-01) (0, 3, 0.00000000000000000000e+00) (3, 0, 5.00000000000000000000e-01) (0, 0, 0.00000000000000000000e+00) 
connections (connected_to_neuron, weight)=(0, 5.63702583312988281250e-02) (1, 1.61407589912414550781e-01) (2, 6.30286112427711486816e-02) (3, 7.13318213820457458496e-02) (4, 1.66031718254089355469e-01) (5, 4.43035513162612915039e-02) (6, 3.90026271343231201172e-02) (7, 1.60413265228271484375e-01) (8, 1.24525822699069976807e-01) (9, 2.03306227922439575195e-01) (0, -1.22281387448310852051e-01) (1, -5.33063188195228576660e-02) (2, -1.15723036229610443115e-01) (3, -6.05793520808219909668e-02) (4, -8.92957970499992370605e-02) (5, -6.66229352355003356934e-02) (6, -3.05113568902015686035e-02) (7, -1.88245177268981933594e-01) (8, -1.60416707396507263184e-01) (9, -9.52223986387252807617e-02) (10, 1.83002859354019165039e-01) (11, 7.26011320948600769043e-02) (12, 5.98293095827102661133e-02) 
