FANN_FLO_2.1
num_layers=3
learning_rate=0.100000
connection_rate=1.000000
network_type=0
learning_momentum=0.000000
training_algorithm=2
train_error_function=1
train_stop_function=0
cascade_output_change_fraction=0.010000
quickprop_decay=-0.000100
quickprop_mu=1.750000
rprop_increase_factor=1.200000
rprop_decrease_factor=0.500000
rprop_delta_min=0.000000
rprop_delta_max=50.000000
rprop_delta_zero=0.100000
cascade_output_stagnation_epochs=12
cascade_candidate_change_fraction=0.010000
cascade_candidate_stagnation_epochs=12
cascade_max_out_epochs=150
cascade_min_out_epochs=50
cascade_max_cand_epochs=150
cascade_min_cand_epochs=50
cascade_num_candidate_groups=2
bit_fail_limit=3.49999994039535522461e-01
cascade_candidate_limit=1.00000000000000000000e+03
cascade_weight_multiplier=4.00000005960464477539e-01
cascade_activation_functions_count=10
cascade_activation_functions=3 5 7 8 10 11 14 15 16 17 
cascade_activation_steepnesses_count=4
cascade_activation_steepnesses=2.50000000000000000000e-01 5.00000000000000000000e-01 7.50000000000000000000e-01 1.00000000000000000000e+00 
layer_sizes=19 3 3 
scale_included=0
neurons (num_inputs, activation_function, activation_steepness)=(0, 0, 0.00000000000000000000e+00) (0, 0, 0.00000000000000000000e+00) (0, 0, 0.00000000000000000000e+00) (0, 0, 0.00000000000000000000e+00) (0, 0, 0.00000000000000000000e+00) (0, 0, 0.00000000000000000000e+00) (0, 0, 0.00000000000000000000e+00) (0, 0, 0.00000000000000000000e+00) (0, 0, 0.00000000000000000000e+00) (0, 0, 0.00000000000000000000e+00) (0, 0, 0.00000000000000000000e+00) (0, 0, 0.00000000000000000000e+00) (0, 0, 0.00000000000000000000e+00) (0, 0, 0.00000000000000000000e+00) (0, 0, 0.00000000000000000000e+00) (0, 0, 0.00000000000000000000e+00) (0, 0, 0.00000000000000000000e+00) (0, 0, 0.00000000000000000000e+00) (0, 0, 0.00000000000000000000e+00) (19, 3, 5.00000000000000000000e-01) (19, 3, 5.00000000000000000000e-01) (0, 3, 0.00000000000000000000e+00) (3, 0, 5.00000000000000000000e-01) (3, 0, 5.00000000000000000000e-01) (0, 0, 0.00000000000000000000e+00) 
connections (connected_to_neuron, weight)=(0, 1.87470823526382446289e-01) (1, 1.96489512920379638672e-01) (2, 1.05984963476657867432e-01) (3, 1.84361368417739868164e-01) (4, 4.53837662935256958008e-02) (5, 2.12601423263549804688e-01) (6, 1.89265429973602294922e-01) (7, 1.64979159832000732422e-01) (8, 1.43220216035842895508e-01) (9, 1.10112920403480529785e-01) (10, 2.17300891876220703125e-01) (11, 1.21253214776515960693e-01) (12, 4.43873554468154907227e-02) (13, 1.96487903594970703125e-01) (14, 2.07326442003250122070e-01) (15, 4.81523424386978149414e-02) (16, 2.19938486814498901367e-01) (17, 1.15785196423530578613e-01) (18, 6.52324259281158447266e-02) (0, -1.76268965005874633789e-01) (1, -1.12137183547019958496e-01) (2, -3.00138518214225769043e-02) (3, -3.77545133233070373535e-02) (4, -1.54338389635086059570e-01) (5, -1.93372577428817749023e-01) (6, -2.32563689351081848145e-02) (7, -2.22143456339836120605e-02) (8, -2.01577723026275634766e-01) (9, -1.61669731140136718750e-01) (10, -5.38905933499336242676e-02) (11, -2.00348094105720520020e-01) (12, -1.94198906421661376953e-01) (13, -7.74010941386222839355e-02) (14, -1.14363148808479309082e-01) (15, -2.98375412821769714355e-02) (16, -5.20173236727714538574e-02) (17, -1.21761716902256011963e-01) (18, -6.05721250176429748535e-02) (19, 1.32961839437484741211e-01) (20, 4.14585173130035400391e-02) (21, 6.95407986640930175781e-02) (19, 1.30262732505798339844e-01) (20, 1.42711728811264038086e-01) (21, 9.39281508326530456543e-02) 
