FANN_FLO_2.1
num_layers=3
learning_rate=0.100000
connection_rate=1.000000
network_type=0
learning_momentum=0.000000
training_algorithm=2
train_error_function=1
train_stop_function=0
cascade_output_change_fraction=0.010000
quickprop_decay=-0.000100
quickprop_mu=1.750000
rprop_increase_factor=1.200000
rprop_decrease_factor=0.500000
rprop_delta_min=0.000000
rprop_delta_max=50.000000
rprop_delta_zero=0.100000
cascade_output_stagnation_epochs=12
cascade_candidate_change_fraction=0.010000
cascade_candidate_stagnation_epochs=12
cascade_max_out_epochs=150
cascade_min_out_epochs=50
cascade_max_cand_epochs=150
cascade_min_cand_epochs=50
cascade_num_candidate_groups=2
bit_fail_limit=3.49999994039535522461e-01
cascade_candidate_limit=1.00000000000000000000e+03
cascade_weight_multiplier=4.00000005960464477539e-01
cascade_activation_functions_count=10
cascade_activation_functions=3 5 7 8 10 11 14 15 16 17 
cascade_activation_steepnesses_count=4
cascade_activation_steepnesses=2.50000000000000000000e-01 5.00000000000000000000e-01 7.50000000000000000000e-01 1.00000000000000000000e+00 
layer_sizes=19 3 3 
scale_included=0
neurons (num_inputs, activation_function, activation_steepness)=(0, 0, 0.00000000000000000000e+00) (0, 0, 0.00000000000000000000e+00) (0, 0, 0.00000000000000000000e+00) (0, 0, 0.00000000000000000000e+00) (0, 0, 0.00000000000000000000e+00) (0, 0, 0.00000000000000000000e+00) (0, 0, 0.00000000000000000000e+00) (0, 0, 0.00000000000000000000e+00) (0, 0, 0.00000000000000000000e+00) (0, 0, 0.00000000000000000000e+00) (0, 0, 0.00000000000000000000e+00) (0, 0, 0.00000000000000000000e+00) (0, 0, 0.00000000000000000000e+00) (0, 0, 0.00000000000000000000e+00) (0, 0, 0.00000000000000000000e+00) (0, 0, 0.00000000000000000000e+00) (0, 0, 0.00000000000000000000e+00) (0, 0, 0.00000000000000000000e+00) (0, 0, 0.00000000000000000000e+00) (19, 3, 5.00000000000000000000e-01) (19, 3, 5.00000000000000000000e-01) (0, 3, 0.00000000000000000000e+00) (3, 0, 5.00000000000000000000e-01) (3, 0, 5.00000000000000000000e-01) (0, 0, 0.00000000000000000000e+00) 
connections (connected_to_neuron, weight)=(0, -7.50260129570960998535e-02) (1, -5.77855184674263000488e-02) (2, -1.94580078125000000000e-01) (3, -6.18166252970695495605e-02) (4, -1.36116787791252136230e-01) (5, -1.97455599904060363770e-01) (6, -1.93029060959815979004e-01) (7, -1.39033198356628417969e-01) (8, -1.65402784943580627441e-01) (9, -2.18158274888992309570e-01) (10, -5.58125451207160949707e-02) (11, -2.57759168744087219238e-02) (12, -2.11568415164947509766e-01) (13, -6.18631765246391296387e-02) (14, -2.33101025223731994629e-02) (15, -7.47793391346931457520e-02) (16, -1.94879904389381408691e-01) (17, -1.01076744496822357178e-01) (18, -1.45564720034599304199e-01) (0, 8.08099657297134399414e-02) (1, 1.37089252471923828125e-01) (2, 6.46587312221527099609e-02) (3, 7.51965343952178955078e-02) (4, 1.44827395677566528320e-01) (5, 2.15300917625427246094e-01) (6, 1.26350313425064086914e-01) (7, 2.07594603300094604492e-01) (8, 8.31968039274215698242e-02) (9, 1.17537014186382293701e-01) (10, 1.58565193414688110352e-01) (11, 3.38279679417610168457e-02) (12, 6.25110119581222534180e-02) (13, 1.20779670774936676025e-01) (14, 5.92478923499584197998e-02) (15, 2.06943973898887634277e-02) (16, 2.04662889242172241211e-01) (17, 8.17922949790954589844e-02) (18, 4.76653426885604858398e-02) (19, 8.56297016143798828125e-02) (20, 1.36389523744583129883e-01) (21, 4.95070591568946838379e-02) (19, 4.98171523213386535645e-02) (20, 1.30613595247268676758e-01) (21, 5.79386614263057708740e-02) 
