FANN_FLO_2.1
num_layers=3
learning_rate=0.100000
connection_rate=1.000000
network_type=0
learning_momentum=0.000000
training_algorithm=2
train_error_function=1
train_stop_function=0
cascade_output_change_fraction=0.010000
quickprop_decay=-0.000100
quickprop_mu=1.750000
rprop_increase_factor=1.200000
rprop_decrease_factor=0.500000
rprop_delta_min=0.000000
rprop_delta_max=50.000000
rprop_delta_zero=0.100000
cascade_output_stagnation_epochs=12
cascade_candidate_change_fraction=0.010000
cascade_candidate_stagnation_epochs=12
cascade_max_out_epochs=150
cascade_min_out_epochs=50
cascade_max_cand_epochs=150
cascade_min_cand_epochs=50
cascade_num_candidate_groups=2
bit_fail_limit=3.49999994039535522461e-01
cascade_candidate_limit=1.00000000000000000000e+03
cascade_weight_multiplier=4.00000005960464477539e-01
cascade_activation_functions_count=10
cascade_activation_functions=3 5 7 8 10 11 14 15 16 17 
cascade_activation_steepnesses_count=4
cascade_activation_steepnesses=2.50000000000000000000e-01 5.00000000000000000000e-01 7.50000000000000000000e-01 1.00000000000000000000e+00 
layer_sizes=10 3 2 
scale_included=0
neurons (num_inputs, activation_function, activation_steepness)=(0, 0, 0.00000000000000000000e+00) (0, 0, 0.00000000000000000000e+00) (0, 0, 0.00000000000000000000e+00) (0, 0, 0.00000000000000000000e+00) (0, 0, 0.00000000000000000000e+00) (0, 0, 0.00000000000000000000e+00) (0, 0, 0.00000000000000000000e+00) (0, 0, 0.00000000000000000000e+00) (0, 0, 0.00000000000000000000e+00) (0, 0, 0.00000000000000000000e+00) (10, 3, 5.00000000000000000000e-01) (10, 3, 5.00000000000000000000e-01) (0, 3, 0.00000000000000000000e+00) (3, 0, 5.00000000000000000000e-01) (0, 0, 0.00000000000000000000e+00) 
connections (connected_to_neuron, weight)=(0, -5.38393929600715637207e-02) (1, -1.91619485616683959961e-01) (2, -5.07285520434379577637e-02) (3, -1.90040618181228637695e-01) (4, -1.80458784103393554688e-01) (5, -1.93184047937393188477e-01) (6, -1.35987877845764160156e-01) (7, -1.94488555192947387695e-01) (8, -7.15779587626457214355e-02) (9, -3.69483605027198791504e-02) (0, -1.47464781999588012695e-01) (1, -9.61508899927139282227e-02) (2, -1.92496865987777709961e-01) (3, -1.92281410098075866699e-01) (4, -1.08471795916557312012e-01) (5, -7.60894790291786193848e-02) (6, -2.00422704219818115234e-01) (7, -6.87217637896537780762e-02) (8, -1.40049904584884643555e-01) (9, -1.13693371415138244629e-01) (10, 6.64823353290557861328e-02) (11, 4.65830340981483459473e-02) (12, 1.00624412298202514648e-01) 
