FANN_FLO_2.1
num_layers=3
learning_rate=0.100000
connection_rate=1.000000
network_type=0
learning_momentum=0.000000
training_algorithm=2
train_error_function=1
train_stop_function=0
cascade_output_change_fraction=0.010000
quickprop_decay=-0.000100
quickprop_mu=1.750000
rprop_increase_factor=1.200000
rprop_decrease_factor=0.500000
rprop_delta_min=0.000000
rprop_delta_max=50.000000
rprop_delta_zero=0.100000
cascade_output_stagnation_epochs=12
cascade_candidate_change_fraction=0.010000
cascade_candidate_stagnation_epochs=12
cascade_max_out_epochs=150
cascade_min_out_epochs=50
cascade_max_cand_epochs=150
cascade_min_cand_epochs=50
cascade_num_candidate_groups=2
bit_fail_limit=3.49999994039535522461e-01
cascade_candidate_limit=1.00000000000000000000e+03
cascade_weight_multiplier=4.00000005960464477539e-01
cascade_activation_functions_count=10
cascade_activation_functions=3 5 7 8 10 11 14 15 16 17 
cascade_activation_steepnesses_count=4
cascade_activation_steepnesses=2.50000000000000000000e-01 5.00000000000000000000e-01 7.50000000000000000000e-01 1.00000000000000000000e+00 
layer_sizes=10 3 2 
scale_included=0
neurons (num_inputs, activation_function, activation_steepness)=(0, 0, 0.00000000000000000000e+00) (0, 0, 0.00000000000000000000e+00) (0, 0, 0.00000000000000000000e+00) (0, 0, 0.00000000000000000000e+00) (0, 0, 0.00000000000000000000e+00) (0, 0, 0.00000000000000000000e+00) (0, 0, 0.00000000000000000000e+00) (0, 0, 0.00000000000000000000e+00) (0, 0, 0.00000000000000000000e+00) (0, 0, 0.00000000000000000000e+00) (10, 3, 5.00000000000000000000e-01) (10, 3, 5.00000000000000000000e-01) (0, 3, 0.00000000000000000000e+00) (3, 0, 5.00000000000000000000e-01) (0, 0, 0.00000000000000000000e+00) 
connections (connected_to_neuron, weight)=(0, 1.68722212314605712891e-01) (1, 4.55262139439582824707e-02) (2, 2.07340478897094726562e-01) (3, 2.40889415144920349121e-02) (4, 1.83335959911346435547e-01) (5, 1.75612360239028930664e-01) (6, 1.29530400037765502930e-01) (7, 1.43874809145927429199e-01) (8, 5.84705471992492675781e-02) (9, 3.33341434597969055176e-02) (0, -2.19589248299598693848e-02) (1, -1.33583843708038330078e-01) (2, -1.64402410387992858887e-01) (3, -2.09158882498741149902e-02) (4, -5.49536123871803283691e-02) (5, -1.68727323412895202637e-01) (6, -1.72419831156730651855e-01) (7, -1.74296244978904724121e-01) (8, -1.65348649024963378906e-01) (9, -1.08952507376670837402e-01) (10, 1.28154084086418151855e-01) (11, 7.26605057716369628906e-02) (12, 1.61421149969100952148e-01) 
