FANN_FLO_2.1
num_layers=3
learning_rate=0.100000
connection_rate=1.000000
network_type=0
learning_momentum=0.000000
training_algorithm=2
train_error_function=1
train_stop_function=0
cascade_output_change_fraction=0.010000
quickprop_decay=-0.000100
quickprop_mu=1.750000
rprop_increase_factor=1.200000
rprop_decrease_factor=0.500000
rprop_delta_min=0.000000
rprop_delta_max=50.000000
rprop_delta_zero=0.100000
cascade_output_stagnation_epochs=12
cascade_candidate_change_fraction=0.010000
cascade_candidate_stagnation_epochs=12
cascade_max_out_epochs=150
cascade_min_out_epochs=50
cascade_max_cand_epochs=150
cascade_min_cand_epochs=50
cascade_num_candidate_groups=2
bit_fail_limit=3.49999994039535522461e-01
cascade_candidate_limit=1.00000000000000000000e+03
cascade_weight_multiplier=4.00000005960464477539e-01
cascade_activation_functions_count=10
cascade_activation_functions=3 5 7 8 10 11 14 15 16 17 
cascade_activation_steepnesses_count=4
cascade_activation_steepnesses=2.50000000000000000000e-01 5.00000000000000000000e-01 7.50000000000000000000e-01 1.00000000000000000000e+00 
layer_sizes=19 3 3 
scale_included=0
neurons (num_inputs, activation_function, activation_steepness)=(0, 0, 0.00000000000000000000e+00) (0, 0, 0.00000000000000000000e+00) (0, 0, 0.00000000000000000000e+00) (0, 0, 0.00000000000000000000e+00) (0, 0, 0.00000000000000000000e+00) (0, 0, 0.00000000000000000000e+00) (0, 0, 0.00000000000000000000e+00) (0, 0, 0.00000000000000000000e+00) (0, 0, 0.00000000000000000000e+00) (0, 0, 0.00000000000000000000e+00) (0, 0, 0.00000000000000000000e+00) (0, 0, 0.00000000000000000000e+00) (0, 0, 0.00000000000000000000e+00) (0, 0, 0.00000000000000000000e+00) (0, 0, 0.00000000000000000000e+00) (0, 0, 0.00000000000000000000e+00) (0, 0, 0.00000000000000000000e+00) (0, 0, 0.00000000000000000000e+00) (0, 0, 0.00000000000000000000e+00) (19, 3, 5.00000000000000000000e-01) (19, 3, 5.00000000000000000000e-01) (0, 3, 0.00000000000000000000e+00) (3, 0, 5.00000000000000000000e-01) (3, 0, 5.00000000000000000000e-01) (0, 0, 0.00000000000000000000e+00) 
connections (connected_to_neuron, weight)=(0, -1.56656488776206970215e-01) (1, -9.78535190224647521973e-02) (2, -1.93366199731826782227e-01) (3, -2.02893823385238647461e-01) (4, -1.55615046620368957520e-01) (5, -1.23508408665657043457e-01) (6, -1.80787831544876098633e-01) (7, -5.17179295420646667480e-02) (8, -1.66116714477539062500e-01) (9, -5.49399182200431823730e-02) (10, -8.15220847725868225098e-02) (11, -5.54358735680580139160e-02) (12, -9.29330810904502868652e-02) (13, -1.68140277266502380371e-01) (14, -3.43847200274467468262e-02) (15, -1.64221495389938354492e-01) (16, -1.23320043087005615234e-01) (17, -1.24797061085700988770e-01) (18, -8.91766026616096496582e-02) (0, 1.19568809866905212402e-01) (1, 1.62711918354034423828e-01) (2, 5.51889762282371520996e-02) (3, 1.74032926559448242188e-01) (4, 9.67568904161453247070e-02) (5, 6.84600770473480224609e-02) (6, 1.86295986175537109375e-01) (7, 2.70952731370925903320e-02) (8, 1.21065877377986907959e-01) (9, 1.66092216968536376953e-01) (10, 1.43442064523696899414e-01) (11, 2.16892957687377929688e-01) (12, 2.94357091188430786133e-02) (13, 6.55885487794876098633e-02) (14, 4.35267612338066101074e-02) (15, 4.65418919920921325684e-02) (16, 1.29973500967025756836e-01) (17, 1.40018358826637268066e-01) (18, 8.57540667057037353516e-02) (19, 9.82555821537971496582e-02) (20, 1.93901658058166503906e-01) (21, 5.08141368627548217773e-02) (19, 3.67335006594657897949e-02) (20, 1.58465772867202758789e-01) (21, 1.77881062030792236328e-01) 
