FANN_FLO_2.1
num_layers=3
learning_rate=0.100000
connection_rate=1.000000
network_type=0
learning_momentum=0.000000
training_algorithm=2
train_error_function=1
train_stop_function=0
cascade_output_change_fraction=0.010000
quickprop_decay=-0.000100
quickprop_mu=1.750000
rprop_increase_factor=1.200000
rprop_decrease_factor=0.500000
rprop_delta_min=0.000000
rprop_delta_max=50.000000
rprop_delta_zero=0.100000
cascade_output_stagnation_epochs=12
cascade_candidate_change_fraction=0.010000
cascade_candidate_stagnation_epochs=12
cascade_max_out_epochs=150
cascade_min_out_epochs=50
cascade_max_cand_epochs=150
cascade_min_cand_epochs=50
cascade_num_candidate_groups=2
bit_fail_limit=3.49999994039535522461e-01
cascade_candidate_limit=1.00000000000000000000e+03
cascade_weight_multiplier=4.00000005960464477539e-01
cascade_activation_functions_count=10
cascade_activation_functions=3 5 7 8 10 11 14 15 16 17 
cascade_activation_steepnesses_count=4
cascade_activation_steepnesses=2.50000000000000000000e-01 5.00000000000000000000e-01 7.50000000000000000000e-01 1.00000000000000000000e+00 
layer_sizes=10 3 2 
scale_included=0
neurons (num_inputs, activation_function, activation_steepness)=(0, 0, 0.00000000000000000000e+00) (0, 0, 0.00000000000000000000e+00) (0, 0, 0.00000000000000000000e+00) (0, 0, 0.00000000000000000000e+00) (0, 0, 0.00000000000000000000e+00) (0, 0, 0.00000000000000000000e+00) (0, 0, 0.00000000000000000000e+00) (0, 0, 0.00000000000000000000e+00) (0, 0, 0.00000000000000000000e+00) (0, 0, 0.00000000000000000000e+00) (10, 3, 5.00000000000000000000e-01) (10, 3, 5.00000000000000000000e-01) (0, 3, 0.00000000000000000000e+00) (3, 0, 5.00000000000000000000e-01) (0, 0, 0.00000000000000000000e+00) 
connections (connected_to_neuron, weight)=(0, 1.95654302835464477539e-01) (1, 3.13596948981285095215e-02) (2, 5.84410913288593292236e-02) (3, 5.48292994499206542969e-02) (4, 7.36705660820007324219e-02) (5, 1.61487787961959838867e-01) (6, 1.25448256731033325195e-01) (7, 1.67281627655029296875e-01) (8, 9.95014309883117675781e-02) (9, 1.99431598186492919922e-01) (0, 5.57958483695983886719e-02) (1, 7.49538838863372802734e-02) (2, 1.19667902588844299316e-01) (3, 3.44805046916007995605e-02) (4, 6.60700649023056030273e-02) (5, 8.83491858839988708496e-02) (6, 1.68594717979431152344e-01) (7, 1.85868948698043823242e-01) (8, 9.04068499803543090820e-02) (9, 7.04563707113265991211e-02) (10, 2.01957523822784423828e-01) (11, 1.59480035305023193359e-01) (12, 5.60295283794403076172e-02) 
