FANN_FLO_2.1
num_layers=3
learning_rate=0.100000
connection_rate=1.000000
network_type=0
learning_momentum=0.000000
training_algorithm=2
train_error_function=1
train_stop_function=0
cascade_output_change_fraction=0.010000
quickprop_decay=-0.000100
quickprop_mu=1.750000
rprop_increase_factor=1.200000
rprop_decrease_factor=0.500000
rprop_delta_min=0.000000
rprop_delta_max=50.000000
rprop_delta_zero=0.100000
cascade_output_stagnation_epochs=12
cascade_candidate_change_fraction=0.010000
cascade_candidate_stagnation_epochs=12
cascade_max_out_epochs=150
cascade_min_out_epochs=50
cascade_max_cand_epochs=150
cascade_min_cand_epochs=50
cascade_num_candidate_groups=2
bit_fail_limit=3.49999994039535522461e-01
cascade_candidate_limit=1.00000000000000000000e+03
cascade_weight_multiplier=4.00000005960464477539e-01
cascade_activation_functions_count=10
cascade_activation_functions=3 5 7 8 10 11 14 15 16 17 
cascade_activation_steepnesses_count=4
cascade_activation_steepnesses=2.50000000000000000000e-01 5.00000000000000000000e-01 7.50000000000000000000e-01 1.00000000000000000000e+00 
layer_sizes=10 3 2 
scale_included=0
neurons (num_inputs, activation_function, activation_steepness)=(0, 0, 0.00000000000000000000e+00) (0, 0, 0.00000000000000000000e+00) (0, 0, 0.00000000000000000000e+00) (0, 0, 0.00000000000000000000e+00) (0, 0, 0.00000000000000000000e+00) (0, 0, 0.00000000000000000000e+00) (0, 0, 0.00000000000000000000e+00) (0, 0, 0.00000000000000000000e+00) (0, 0, 0.00000000000000000000e+00) (0, 0, 0.00000000000000000000e+00) (10, 3, 5.00000000000000000000e-01) (10, 3, 5.00000000000000000000e-01) (0, 3, 0.00000000000000000000e+00) (3, 0, 5.00000000000000000000e-01) (0, 0, 0.00000000000000000000e+00) 
connections (connected_to_neuron, weight)=(0, -1.46767497062683105469e-01) (1, -1.00317716598510742188e-01) (2, -1.76278352737426757812e-01) (3, -1.67962417006492614746e-01) (4, -1.15645036101341247559e-01) (5, -7.39689394831657409668e-02) (6, -9.32719036936759948730e-02) (7, -2.00787693262100219727e-01) (8, -1.29260465502738952637e-01) (9, -1.15919865667819976807e-01) (0, 1.04901067912578582764e-01) (1, 1.60833477973937988281e-01) (2, 4.88525182008743286133e-02) (3, 9.98534932732582092285e-02) (4, 2.12959051132202148438e-01) (5, 6.09955526888370513916e-02) (6, 4.02104854583740234375e-02) (7, 1.10889717936515808105e-01) (8, 9.29175615310668945312e-02) (9, 1.04852288961410522461e-01) (10, 3.85416001081466674805e-02) (11, 2.14179188013076782227e-01) (12, 6.54646605253219604492e-02) 
