FANN_FLO_2.1
num_layers=3
learning_rate=0.100000
connection_rate=1.000000
network_type=0
learning_momentum=0.000000
training_algorithm=2
train_error_function=1
train_stop_function=0
cascade_output_change_fraction=0.010000
quickprop_decay=-0.000100
quickprop_mu=1.750000
rprop_increase_factor=1.200000
rprop_decrease_factor=0.500000
rprop_delta_min=0.000000
rprop_delta_max=50.000000
rprop_delta_zero=0.100000
cascade_output_stagnation_epochs=12
cascade_candidate_change_fraction=0.010000
cascade_candidate_stagnation_epochs=12
cascade_max_out_epochs=150
cascade_min_out_epochs=50
cascade_max_cand_epochs=150
cascade_min_cand_epochs=50
cascade_num_candidate_groups=2
bit_fail_limit=3.49999994039535522461e-01
cascade_candidate_limit=1.00000000000000000000e+03
cascade_weight_multiplier=4.00000005960464477539e-01
cascade_activation_functions_count=10
cascade_activation_functions=3 5 7 8 10 11 14 15 16 17 
cascade_activation_steepnesses_count=4
cascade_activation_steepnesses=2.50000000000000000000e-01 5.00000000000000000000e-01 7.50000000000000000000e-01 1.00000000000000000000e+00 
layer_sizes=19 3 3 
scale_included=0
neurons (num_inputs, activation_function, activation_steepness)=(0, 0, 0.00000000000000000000e+00) (0, 0, 0.00000000000000000000e+00) (0, 0, 0.00000000000000000000e+00) (0, 0, 0.00000000000000000000e+00) (0, 0, 0.00000000000000000000e+00) (0, 0, 0.00000000000000000000e+00) (0, 0, 0.00000000000000000000e+00) (0, 0, 0.00000000000000000000e+00) (0, 0, 0.00000000000000000000e+00) (0, 0, 0.00000000000000000000e+00) (0, 0, 0.00000000000000000000e+00) (0, 0, 0.00000000000000000000e+00) (0, 0, 0.00000000000000000000e+00) (0, 0, 0.00000000000000000000e+00) (0, 0, 0.00000000000000000000e+00) (0, 0, 0.00000000000000000000e+00) (0, 0, 0.00000000000000000000e+00) (0, 0, 0.00000000000000000000e+00) (0, 0, 0.00000000000000000000e+00) (19, 3, 5.00000000000000000000e-01) (19, 3, 5.00000000000000000000e-01) (0, 3, 0.00000000000000000000e+00) (3, 0, 5.00000000000000000000e-01) (3, 0, 5.00000000000000000000e-01) (0, 0, 0.00000000000000000000e+00) 
connections (connected_to_neuron, weight)=(0, -1.08371473848819732666e-01) (1, -2.05437615513801574707e-01) (2, -5.23558184504508972168e-02) (3, -8.63704010844230651855e-02) (4, -6.77745416760444641113e-02) (5, -1.85881495475769042969e-01) (6, -1.25689804553985595703e-01) (7, -1.17806114256381988525e-01) (8, -9.10128876566886901855e-02) (9, -3.15963700413703918457e-02) (10, -1.84535145759582519531e-01) (11, -2.77015939354896545410e-02) (12, -1.95370256900787353516e-01) (13, -6.34872987866401672363e-02) (14, -2.12648108601570129395e-01) (15, -9.15851518511772155762e-02) (16, -1.06350049376487731934e-01) (17, -2.04130426049232482910e-01) (18, -8.56662169098854064941e-02) (0, -1.51758819818496704102e-01) (1, -1.13270506262779235840e-01) (2, -1.74159780144691467285e-01) (3, -1.06209062039852142334e-01) (4, -1.56057298183441162109e-01) (5, -4.95494231581687927246e-02) (6, -1.91788643598556518555e-01) (7, -1.23485445976257324219e-01) (8, -4.52788397669792175293e-02) (9, -3.46957668662071228027e-02) (10, -6.89838305115699768066e-02) (11, -1.01435288786888122559e-01) (12, -1.23067229986190795898e-01) (13, -5.44214323163032531738e-02) (14, -1.33791103959083557129e-01) (15, -1.89437627792358398438e-01) (16, -1.02195978164672851562e-01) (17, -9.96725931763648986816e-02) (18, -9.51274260878562927246e-02) (19, 3.99979203939437866211e-02) (20, 6.93145170807838439941e-02) (21, 1.33276209235191345215e-01) (19, 7.54627734422683715820e-02) (20, 6.16129264235496520996e-02) (21, 1.57905936241149902344e-01) 
