FANN_FLO_2.1
num_layers=3
learning_rate=0.100000
connection_rate=1.000000
network_type=0
learning_momentum=0.000000
training_algorithm=2
train_error_function=1
train_stop_function=0
cascade_output_change_fraction=0.010000
quickprop_decay=-0.000100
quickprop_mu=1.750000
rprop_increase_factor=1.200000
rprop_decrease_factor=0.500000
rprop_delta_min=0.000000
rprop_delta_max=50.000000
rprop_delta_zero=0.100000
cascade_output_stagnation_epochs=12
cascade_candidate_change_fraction=0.010000
cascade_candidate_stagnation_epochs=12
cascade_max_out_epochs=150
cascade_min_out_epochs=50
cascade_max_cand_epochs=150
cascade_min_cand_epochs=50
cascade_num_candidate_groups=2
bit_fail_limit=3.49999994039535522461e-01
cascade_candidate_limit=1.00000000000000000000e+03
cascade_weight_multiplier=4.00000005960464477539e-01
cascade_activation_functions_count=10
cascade_activation_functions=3 5 7 8 10 11 14 15 16 17 
cascade_activation_steepnesses_count=4
cascade_activation_steepnesses=2.50000000000000000000e-01 5.00000000000000000000e-01 7.50000000000000000000e-01 1.00000000000000000000e+00 
layer_sizes=19 3 3 
scale_included=0
neurons (num_inputs, activation_function, activation_steepness)=(0, 0, 0.00000000000000000000e+00) (0, 0, 0.00000000000000000000e+00) (0, 0, 0.00000000000000000000e+00) (0, 0, 0.00000000000000000000e+00) (0, 0, 0.00000000000000000000e+00) (0, 0, 0.00000000000000000000e+00) (0, 0, 0.00000000000000000000e+00) (0, 0, 0.00000000000000000000e+00) (0, 0, 0.00000000000000000000e+00) (0, 0, 0.00000000000000000000e+00) (0, 0, 0.00000000000000000000e+00) (0, 0, 0.00000000000000000000e+00) (0, 0, 0.00000000000000000000e+00) (0, 0, 0.00000000000000000000e+00) (0, 0, 0.00000000000000000000e+00) (0, 0, 0.00000000000000000000e+00) (0, 0, 0.00000000000000000000e+00) (0, 0, 0.00000000000000000000e+00) (0, 0, 0.00000000000000000000e+00) (19, 3, 5.00000000000000000000e-01) (19, 3, 5.00000000000000000000e-01) (0, 3, 0.00000000000000000000e+00) (3, 0, 5.00000000000000000000e-01) (3, 0, 5.00000000000000000000e-01) (0, 0, 0.00000000000000000000e+00) 
connections (connected_to_neuron, weight)=(0, 6.07762858271598815918e-02) (1, 1.01585932075977325439e-01) (2, 1.39078527688980102539e-01) (3, 1.66230678558349609375e-01) (4, 3.60749736428260803223e-02) (5, 1.05227224528789520264e-01) (6, 1.10261887311935424805e-01) (7, 9.10913422703742980957e-02) (8, 6.79807066917419433594e-02) (9, 1.99782192707061767578e-01) (10, 1.34020984172821044922e-01) (11, 1.41209781169891357422e-01) (12, 1.52179300785064697266e-01) (13, 2.06236839294433593750e-02) (14, 1.97773456573486328125e-01) (15, 3.06856110692024230957e-02) (16, 1.27026587724685668945e-01) (17, 1.39140516519546508789e-01) (18, 4.80926334857940673828e-02) (0, 1.00259587168693542480e-01) (1, 2.07312375307083129883e-01) (2, 5.80076426267623901367e-02) (3, 6.33179023861885070801e-02) (4, 1.07252992689609527588e-01) (5, 8.15735012292861938477e-02) (6, 9.82130616903305053711e-02) (7, 8.20184573531150817871e-02) (8, 4.24433276057243347168e-02) (9, 2.16661512851715087891e-01) (10, 2.84446254372596740723e-02) (11, 1.47239387035369873047e-01) (12, 5.74377775192260742188e-02) (13, 1.10030554234981536865e-01) (14, 6.63179308176040649414e-02) (15, 2.03668445348739624023e-01) (16, 1.26105517148971557617e-01) (17, 1.51545166969299316406e-01) (18, 9.39303338527679443359e-02) (19, 1.97196871042251586914e-01) (20, 1.99525862932205200195e-01) (21, 7.37125203013420104980e-02) (19, 1.11217841506004333496e-01) (20, 1.20735630393028259277e-01) (21, 2.05891817808151245117e-01) 
