FANN_FLO_2.1
num_layers=3
learning_rate=0.100000
connection_rate=1.000000
network_type=0
learning_momentum=0.000000
training_algorithm=2
train_error_function=1
train_stop_function=0
cascade_output_change_fraction=0.010000
quickprop_decay=-0.000100
quickprop_mu=1.750000
rprop_increase_factor=1.200000
rprop_decrease_factor=0.500000
rprop_delta_min=0.000000
rprop_delta_max=50.000000
rprop_delta_zero=0.100000
cascade_output_stagnation_epochs=12
cascade_candidate_change_fraction=0.010000
cascade_candidate_stagnation_epochs=12
cascade_max_out_epochs=150
cascade_min_out_epochs=50
cascade_max_cand_epochs=150
cascade_min_cand_epochs=50
cascade_num_candidate_groups=2
bit_fail_limit=3.49999994039535522461e-01
cascade_candidate_limit=1.00000000000000000000e+03
cascade_weight_multiplier=4.00000005960464477539e-01
cascade_activation_functions_count=10
cascade_activation_functions=3 5 7 8 10 11 14 15 16 17 
cascade_activation_steepnesses_count=4
cascade_activation_steepnesses=2.50000000000000000000e-01 5.00000000000000000000e-01 7.50000000000000000000e-01 1.00000000000000000000e+00 
layer_sizes=19 3 3 
scale_included=0
neurons (num_inputs, activation_function, activation_steepness)=(0, 0, 0.00000000000000000000e+00) (0, 0, 0.00000000000000000000e+00) (0, 0, 0.00000000000000000000e+00) (0, 0, 0.00000000000000000000e+00) (0, 0, 0.00000000000000000000e+00) (0, 0, 0.00000000000000000000e+00) (0, 0, 0.00000000000000000000e+00) (0, 0, 0.00000000000000000000e+00) (0, 0, 0.00000000000000000000e+00) (0, 0, 0.00000000000000000000e+00) (0, 0, 0.00000000000000000000e+00) (0, 0, 0.00000000000000000000e+00) (0, 0, 0.00000000000000000000e+00) (0, 0, 0.00000000000000000000e+00) (0, 0, 0.00000000000000000000e+00) (0, 0, 0.00000000000000000000e+00) (0, 0, 0.00000000000000000000e+00) (0, 0, 0.00000000000000000000e+00) (0, 0, 0.00000000000000000000e+00) (19, 3, 5.00000000000000000000e-01) (19, 3, 5.00000000000000000000e-01) (0, 3, 0.00000000000000000000e+00) (3, 0, 5.00000000000000000000e-01) (3, 0, 5.00000000000000000000e-01) (0, 0, 0.00000000000000000000e+00) 
connections (connected_to_neuron, weight)=(0, 1.59738332033157348633e-01) (1, -2.15422421693801879883e-01) (2, 7.06464201211929321289e-02) (3, 1.20632603764533996582e-01) (4, 1.10502362251281738281e-01) (5, 2.50777304172515869141e-02) (6, -1.54657959938049316406e-01) (7, 1.86653137207031250000e-01) (8, 1.19631320238113403320e-01) (9, 1.92923873662948608398e-01) (10, 1.53359323740005493164e-01) (11, -1.17973148822784423828e-01) (12, 1.30704537034034729004e-01) (13, 2.13427841663360595703e-02) (14, 1.54491662979125976562e-01) (15, -7.98977985978126525879e-02) (16, 5.60268014669418334961e-02) (17, 2.19307273626327514648e-01) (18, 7.72074759006500244141e-02) (0, -3.28480228781700134277e-02) (1, -2.17050194740295410156e-01) (2, -5.64742460846900939941e-02) (3, -1.33557289838790893555e-01) (4, -1.67550921440124511719e-01) (5, -6.50638565421104431152e-02) (6, -7.41765573620796203613e-02) (7, -1.45539075136184692383e-01) (8, -5.46222105622291564941e-02) (9, -1.72973513603210449219e-01) (10, -2.55163237452507019043e-02) (11, -1.70026034116744995117e-01) (12, -3.32351848483085632324e-02) (13, -2.09387466311454772949e-02) (14, -1.19379624724388122559e-01) (15, -1.32602602243423461914e-01) (16, -1.30436375737190246582e-01) (17, -1.14301897585391998291e-01) (18, -6.72605559229850769043e-02) (19, 7.62167423963546752930e-02) (20, 2.53294259309768676758e-02) (21, 1.45663321018218994141e-01) (19, 2.09576070308685302734e-01) (20, 1.27356275916099548340e-01) (21, 5.63678666949272155762e-02) 
