FANN_FLO_2.1
num_layers=3
learning_rate=0.100000
connection_rate=1.000000
network_type=0
learning_momentum=0.000000
training_algorithm=2
train_error_function=1
train_stop_function=0
cascade_output_change_fraction=0.010000
quickprop_decay=-0.000100
quickprop_mu=1.750000
rprop_increase_factor=1.200000
rprop_decrease_factor=0.500000
rprop_delta_min=0.000000
rprop_delta_max=50.000000
rprop_delta_zero=0.100000
cascade_output_stagnation_epochs=12
cascade_candidate_change_fraction=0.010000
cascade_candidate_stagnation_epochs=12
cascade_max_out_epochs=150
cascade_min_out_epochs=50
cascade_max_cand_epochs=150
cascade_min_cand_epochs=50
cascade_num_candidate_groups=2
bit_fail_limit=3.49999994039535522461e-01
cascade_candidate_limit=1.00000000000000000000e+03
cascade_weight_multiplier=4.00000005960464477539e-01
cascade_activation_functions_count=10
cascade_activation_functions=3 5 7 8 10 11 14 15 16 17 
cascade_activation_steepnesses_count=4
cascade_activation_steepnesses=2.50000000000000000000e-01 5.00000000000000000000e-01 7.50000000000000000000e-01 1.00000000000000000000e+00 
layer_sizes=19 3 3 
scale_included=0
neurons (num_inputs, activation_function, activation_steepness)=(0, 0, 0.00000000000000000000e+00) (0, 0, 0.00000000000000000000e+00) (0, 0, 0.00000000000000000000e+00) (0, 0, 0.00000000000000000000e+00) (0, 0, 0.00000000000000000000e+00) (0, 0, 0.00000000000000000000e+00) (0, 0, 0.00000000000000000000e+00) (0, 0, 0.00000000000000000000e+00) (0, 0, 0.00000000000000000000e+00) (0, 0, 0.00000000000000000000e+00) (0, 0, 0.00000000000000000000e+00) (0, 0, 0.00000000000000000000e+00) (0, 0, 0.00000000000000000000e+00) (0, 0, 0.00000000000000000000e+00) (0, 0, 0.00000000000000000000e+00) (0, 0, 0.00000000000000000000e+00) (0, 0, 0.00000000000000000000e+00) (0, 0, 0.00000000000000000000e+00) (0, 0, 0.00000000000000000000e+00) (19, 3, 5.00000000000000000000e-01) (19, 3, 5.00000000000000000000e-01) (0, 3, 0.00000000000000000000e+00) (3, 0, 5.00000000000000000000e-01) (3, 0, 5.00000000000000000000e-01) (0, 0, 0.00000000000000000000e+00) 
connections (connected_to_neuron, weight)=(0, 3.72167751193046569824e-02) (1, 1.49496972560882568359e-01) (2, 8.91166329383850097656e-02) (3, -1.33576899766921997070e-01) (4, 2.00616627931594848633e-01) (5, 1.33455336093902587891e-01) (6, 8.97493809461593627930e-02) (7, 5.15824556350708007812e-02) (8, 1.21740184724330902100e-01) (9, 1.83450937271118164062e-01) (10, 1.33134171366691589355e-01) (11, 9.80202555656433105469e-02) (12, 9.58323702216148376465e-02) (13, 1.09556846320629119873e-01) (14, 7.71290808916091918945e-02) (15, 1.14413157105445861816e-01) (16, 7.62820690870285034180e-02) (17, 8.69074687361717224121e-02) (18, 7.22095370292663574219e-02) (0, -1.11887812614440917969e-01) (1, -1.68459713459014892578e-01) (2, -2.46850177645683288574e-02) (3, -5.15333488583564758301e-02) (4, -1.04552924633026123047e-01) (5, -1.71398252248764038086e-01) (6, -1.54590815305709838867e-01) (7, -7.70492479205131530762e-02) (8, -2.02388942241668701172e-01) (9, -1.39114648103713989258e-01) (10, -2.34034284949302673340e-02) (11, -6.47927299141883850098e-02) (12, -1.21897876262664794922e-01) (13, -9.39064547419548034668e-02) (14, -1.95676103234291076660e-01) (15, -3.54747697710990905762e-02) (16, -1.13289818167686462402e-01) (17, -8.22207704186439514160e-02) (18, -1.65725395083427429199e-01) (19, 1.58292651176452636719e-01) (20, 5.95194213092327117920e-02) (21, 3.77255454659461975098e-02) (19, 7.14268088340759277344e-02) (20, 1.37539669871330261230e-01) (21, 1.13557912409305572510e-01) 
