FANN_FLO_2.1
num_layers=3
learning_rate=0.100000
connection_rate=1.000000
network_type=0
learning_momentum=0.000000
training_algorithm=2
train_error_function=1
train_stop_function=0
cascade_output_change_fraction=0.010000
quickprop_decay=-0.000100
quickprop_mu=1.750000
rprop_increase_factor=1.200000
rprop_decrease_factor=0.500000
rprop_delta_min=0.000000
rprop_delta_max=50.000000
rprop_delta_zero=0.100000
cascade_output_stagnation_epochs=12
cascade_candidate_change_fraction=0.010000
cascade_candidate_stagnation_epochs=12
cascade_max_out_epochs=150
cascade_min_out_epochs=50
cascade_max_cand_epochs=150
cascade_min_cand_epochs=50
cascade_num_candidate_groups=2
bit_fail_limit=3.49999994039535522461e-01
cascade_candidate_limit=1.00000000000000000000e+03
cascade_weight_multiplier=4.00000005960464477539e-01
cascade_activation_functions_count=10
cascade_activation_functions=3 5 7 8 10 11 14 15 16 17 
cascade_activation_steepnesses_count=4
cascade_activation_steepnesses=2.50000000000000000000e-01 5.00000000000000000000e-01 7.50000000000000000000e-01 1.00000000000000000000e+00 
layer_sizes=19 3 3 
scale_included=0
neurons (num_inputs, activation_function, activation_steepness)=(0, 0, 0.00000000000000000000e+00) (0, 0, 0.00000000000000000000e+00) (0, 0, 0.00000000000000000000e+00) (0, 0, 0.00000000000000000000e+00) (0, 0, 0.00000000000000000000e+00) (0, 0, 0.00000000000000000000e+00) (0, 0, 0.00000000000000000000e+00) (0, 0, 0.00000000000000000000e+00) (0, 0, 0.00000000000000000000e+00) (0, 0, 0.00000000000000000000e+00) (0, 0, 0.00000000000000000000e+00) (0, 0, 0.00000000000000000000e+00) (0, 0, 0.00000000000000000000e+00) (0, 0, 0.00000000000000000000e+00) (0, 0, 0.00000000000000000000e+00) (0, 0, 0.00000000000000000000e+00) (0, 0, 0.00000000000000000000e+00) (0, 0, 0.00000000000000000000e+00) (0, 0, 0.00000000000000000000e+00) (19, 3, 5.00000000000000000000e-01) (19, 3, 5.00000000000000000000e-01) (0, 3, 0.00000000000000000000e+00) (3, 0, 5.00000000000000000000e-01) (3, 0, 5.00000000000000000000e-01) (0, 0, 0.00000000000000000000e+00) 
connections (connected_to_neuron, weight)=(0, -2.15661630034446716309e-01) (1, -1.18436768651008605957e-01) (2, -1.14632941782474517822e-01) (3, -1.30952566862106323242e-01) (4, -1.21559761464595794678e-01) (5, -1.23894311487674713135e-01) (6, -1.00548550486564636230e-01) (7, -1.71256527304649353027e-01) (8, -7.76663199067115783691e-02) (9, -4.15929481387138366699e-02) (10, -2.09585458040237426758e-01) (11, -7.60432109236717224121e-02) (12, -1.79716661572456359863e-01) (13, -1.18236102163791656494e-01) (14, -1.03372059762477874756e-01) (15, -1.87895447015762329102e-01) (16, -1.75397336483001708984e-01) (17, -1.20469890534877777100e-01) (18, -3.80171015858650207520e-02) (0, 4.70428019762039184570e-02) (1, 6.34111985564231872559e-02) (2, 1.60088866949081420898e-01) (3, 1.26536101102828979492e-01) (4, 1.90034806728363037109e-01) (5, 1.13547585904598236084e-01) (6, 4.32562828063964843750e-02) (7, 3.95499914884567260742e-02) (8, 6.79654181003570556641e-02) (9, 8.38312804698944091797e-02) (10, 3.81283611059188842773e-02) (11, 3.21782082319259643555e-02) (12, 8.81696492433547973633e-02) (13, 1.39691606163978576660e-01) (14, 1.37545272707939147949e-01) (15, 1.77217096090316772461e-01) (16, 3.81318405270576477051e-02) (17, 3.36509719491004943848e-02) (18, 9.66685339808464050293e-02) (19, 8.68753194808959960938e-02) (20, 1.75984650850296020508e-01) (21, 7.50755965709686279297e-02) (19, 9.72898751497268676758e-02) (20, 1.19941450655460357666e-01) (21, 1.15358933806419372559e-01) 
