FANN_FLO_2.1
num_layers=3
learning_rate=0.100000
connection_rate=1.000000
network_type=0
learning_momentum=0.000000
training_algorithm=2
train_error_function=1
train_stop_function=0
cascade_output_change_fraction=0.010000
quickprop_decay=-0.000100
quickprop_mu=1.750000
rprop_increase_factor=1.200000
rprop_decrease_factor=0.500000
rprop_delta_min=0.000000
rprop_delta_max=50.000000
rprop_delta_zero=0.100000
cascade_output_stagnation_epochs=12
cascade_candidate_change_fraction=0.010000
cascade_candidate_stagnation_epochs=12
cascade_max_out_epochs=150
cascade_min_out_epochs=50
cascade_max_cand_epochs=150
cascade_min_cand_epochs=50
cascade_num_candidate_groups=2
bit_fail_limit=3.49999994039535522461e-01
cascade_candidate_limit=1.00000000000000000000e+03
cascade_weight_multiplier=4.00000005960464477539e-01
cascade_activation_functions_count=10
cascade_activation_functions=3 5 7 8 10 11 14 15 16 17 
cascade_activation_steepnesses_count=4
cascade_activation_steepnesses=2.50000000000000000000e-01 5.00000000000000000000e-01 7.50000000000000000000e-01 1.00000000000000000000e+00 
layer_sizes=10 3 2 
scale_included=0
neurons (num_inputs, activation_function, activation_steepness)=(0, 0, 0.00000000000000000000e+00) (0, 0, 0.00000000000000000000e+00) (0, 0, 0.00000000000000000000e+00) (0, 0, 0.00000000000000000000e+00) (0, 0, 0.00000000000000000000e+00) (0, 0, 0.00000000000000000000e+00) (0, 0, 0.00000000000000000000e+00) (0, 0, 0.00000000000000000000e+00) (0, 0, 0.00000000000000000000e+00) (0, 0, 0.00000000000000000000e+00) (10, 3, 5.00000000000000000000e-01) (10, 3, 5.00000000000000000000e-01) (0, 3, 0.00000000000000000000e+00) (3, 0, 5.00000000000000000000e-01) (0, 0, 0.00000000000000000000e+00) 
connections (connected_to_neuron, weight)=(0, 1.35922968387603759766e-01) (1, 1.56779974699020385742e-01) (2, 1.74964010715484619141e-01) (3, 2.10941210389137268066e-02) (4, 1.25151157379150390625e-01) (5, 1.56843930482864379883e-01) (6, 1.09374240040779113770e-01) (7, 3.09801325201988220215e-02) (8, 1.24841704964637756348e-01) (9, 2.16508507728576660156e-01) (0, 8.96375402808189392090e-02) (1, 1.86612576246261596680e-01) (2, 9.97916981577873229980e-02) (3, 1.14680871367454528809e-01) (4, 9.78643670678138732910e-02) (5, 9.72316116094589233398e-02) (6, 3.28094735741615295410e-02) (7, 1.16015225648880004883e-01) (8, 1.72294288873672485352e-01) (9, 1.24087348580360412598e-01) (10, 1.79740101099014282227e-01) (11, 1.67014211416244506836e-01) (12, 8.37402045726776123047e-02) 
