FANN_FLO_2.1
num_layers=3
learning_rate=0.100000
connection_rate=1.000000
network_type=0
learning_momentum=0.000000
training_algorithm=2
train_error_function=1
train_stop_function=0
cascade_output_change_fraction=0.010000
quickprop_decay=-0.000100
quickprop_mu=1.750000
rprop_increase_factor=1.200000
rprop_decrease_factor=0.500000
rprop_delta_min=0.000000
rprop_delta_max=50.000000
rprop_delta_zero=0.100000
cascade_output_stagnation_epochs=12
cascade_candidate_change_fraction=0.010000
cascade_candidate_stagnation_epochs=12
cascade_max_out_epochs=150
cascade_min_out_epochs=50
cascade_max_cand_epochs=150
cascade_min_cand_epochs=50
cascade_num_candidate_groups=2
bit_fail_limit=3.49999994039535522461e-01
cascade_candidate_limit=1.00000000000000000000e+03
cascade_weight_multiplier=4.00000005960464477539e-01
cascade_activation_functions_count=10
cascade_activation_functions=3 5 7 8 10 11 14 15 16 17 
cascade_activation_steepnesses_count=4
cascade_activation_steepnesses=2.50000000000000000000e-01 5.00000000000000000000e-01 7.50000000000000000000e-01 1.00000000000000000000e+00 
layer_sizes=19 3 3 
scale_included=0
neurons (num_inputs, activation_function, activation_steepness)=(0, 0, 0.00000000000000000000e+00) (0, 0, 0.00000000000000000000e+00) (0, 0, 0.00000000000000000000e+00) (0, 0, 0.00000000000000000000e+00) (0, 0, 0.00000000000000000000e+00) (0, 0, 0.00000000000000000000e+00) (0, 0, 0.00000000000000000000e+00) (0, 0, 0.00000000000000000000e+00) (0, 0, 0.00000000000000000000e+00) (0, 0, 0.00000000000000000000e+00) (0, 0, 0.00000000000000000000e+00) (0, 0, 0.00000000000000000000e+00) (0, 0, 0.00000000000000000000e+00) (0, 0, 0.00000000000000000000e+00) (0, 0, 0.00000000000000000000e+00) (0, 0, 0.00000000000000000000e+00) (0, 0, 0.00000000000000000000e+00) (0, 0, 0.00000000000000000000e+00) (0, 0, 0.00000000000000000000e+00) (19, 3, 5.00000000000000000000e-01) (19, 3, 5.00000000000000000000e-01) (0, 3, 0.00000000000000000000e+00) (3, 0, 5.00000000000000000000e-01) (3, 0, 5.00000000000000000000e-01) (0, 0, 0.00000000000000000000e+00) 
connections (connected_to_neuron, weight)=(0, 2.15329706668853759766e-01) (1, 6.21480569243431091309e-02) (2, 1.58848524093627929688e-01) (3, 1.13207116723060607910e-01) (4, 2.05058544874191284180e-01) (5, 1.42101705074310302734e-01) (6, 2.01909542083740234375e-01) (7, 1.55702322721481323242e-01) (8, 1.20884761214256286621e-01) (9, 1.97541624307632446289e-01) (10, 2.17058062553405761719e-02) (11, 6.10506795346736907959e-02) (12, 1.17179527878761291504e-01) (13, 2.09772437810897827148e-01) (14, 3.34044247865676879883e-02) (15, 1.47415965795516967773e-01) (16, 1.73646003007888793945e-01) (17, 7.56153166294097900391e-02) (18, 1.38508081436157226562e-01) (0, 2.13977783918380737305e-01) (1, 7.84529671072959899902e-02) (2, 1.93663269281387329102e-01) (3, 2.16949939727783203125e-01) (4, 5.67684099078178405762e-02) (5, 4.67815026640892028809e-02) (6, 5.24535030126571655273e-02) (7, 1.00390054285526275635e-01) (8, 2.88597345352172851562e-02) (9, 2.00513333082199096680e-01) (10, 1.69939756393432617188e-01) (11, 1.57202035188674926758e-01) (12, 1.95843040943145751953e-01) (13, 2.12087810039520263672e-01) (14, 9.60505679249763488770e-02) (15, 8.90501514077186584473e-02) (16, 1.97146356105804443359e-01) (17, 2.18152284622192382812e-01) (18, 7.09596797823905944824e-02) (19, 1.32848650217056274414e-01) (20, 1.19037024676799774170e-01) (21, 4.85013127326965332031e-02) (19, 1.34554460644721984863e-01) (20, 1.60087704658508300781e-01) (21, 1.45680844783782958984e-01) 
