FANN_FLO_2.1
num_layers=3
learning_rate=0.100000
connection_rate=1.000000
network_type=0
learning_momentum=0.000000
training_algorithm=2
train_error_function=1
train_stop_function=0
cascade_output_change_fraction=0.010000
quickprop_decay=-0.000100
quickprop_mu=1.750000
rprop_increase_factor=1.200000
rprop_decrease_factor=0.500000
rprop_delta_min=0.000000
rprop_delta_max=50.000000
rprop_delta_zero=0.100000
cascade_output_stagnation_epochs=12
cascade_candidate_change_fraction=0.010000
cascade_candidate_stagnation_epochs=12
cascade_max_out_epochs=150
cascade_min_out_epochs=50
cascade_max_cand_epochs=150
cascade_min_cand_epochs=50
cascade_num_candidate_groups=2
bit_fail_limit=3.49999994039535522461e-01
cascade_candidate_limit=1.00000000000000000000e+03
cascade_weight_multiplier=4.00000005960464477539e-01
cascade_activation_functions_count=10
cascade_activation_functions=3 5 7 8 10 11 14 15 16 17 
cascade_activation_steepnesses_count=4
cascade_activation_steepnesses=2.50000000000000000000e-01 5.00000000000000000000e-01 7.50000000000000000000e-01 1.00000000000000000000e+00 
layer_sizes=19 3 3 
scale_included=0
neurons (num_inputs, activation_function, activation_steepness)=(0, 0, 0.00000000000000000000e+00) (0, 0, 0.00000000000000000000e+00) (0, 0, 0.00000000000000000000e+00) (0, 0, 0.00000000000000000000e+00) (0, 0, 0.00000000000000000000e+00) (0, 0, 0.00000000000000000000e+00) (0, 0, 0.00000000000000000000e+00) (0, 0, 0.00000000000000000000e+00) (0, 0, 0.00000000000000000000e+00) (0, 0, 0.00000000000000000000e+00) (0, 0, 0.00000000000000000000e+00) (0, 0, 0.00000000000000000000e+00) (0, 0, 0.00000000000000000000e+00) (0, 0, 0.00000000000000000000e+00) (0, 0, 0.00000000000000000000e+00) (0, 0, 0.00000000000000000000e+00) (0, 0, 0.00000000000000000000e+00) (0, 0, 0.00000000000000000000e+00) (0, 0, 0.00000000000000000000e+00) (19, 3, 5.00000000000000000000e-01) (19, 3, 5.00000000000000000000e-01) (0, 3, 0.00000000000000000000e+00) (3, 0, 5.00000000000000000000e-01) (3, 0, 5.00000000000000000000e-01) (0, 0, 0.00000000000000000000e+00) 
connections (connected_to_neuron, weight)=(0, -1.06519863009452819824e-01) (1, -1.14842258393764495850e-01) (2, -1.27744168043136596680e-01) (3, -1.69731110334396362305e-01) (4, -1.54464393854141235352e-01) (5, -1.42159968614578247070e-01) (6, -1.59760534763336181641e-01) (7, -1.17342293262481689453e-01) (8, -1.80465444922447204590e-01) (9, -1.79147407412528991699e-01) (10, -8.40166732668876647949e-02) (11, -2.52481326460838317871e-02) (12, -4.94851395487785339355e-02) (13, -5.60838505625724792480e-02) (14, -3.82162556052207946777e-02) (15, -1.22318282723426818848e-01) (16, -1.05279706418514251709e-01) (17, -6.62722811102867126465e-02) (18, -8.31622108817100524902e-02) (0, -9.04195383191108703613e-02) (1, -7.13769868016242980957e-02) (2, -1.38310194015502929688e-01) (3, -1.19510449469089508057e-01) (4, -9.59510654211044311523e-02) (5, -1.33124113082885742188e-01) (6, -2.04279601573944091797e-01) (7, -1.97571322321891784668e-01) (8, -1.19753837585449218750e-01) (9, -4.01873961091041564941e-02) (10, -5.97114041447639465332e-02) (11, -1.74131348729133605957e-01) (12, -1.26707255840301513672e-01) (13, -1.54553651809692382812e-01) (14, -8.18755105137825012207e-02) (15, -7.64383599162101745605e-02) (16, -8.90180394053459167480e-02) (17, -2.04035475850105285645e-01) (18, -2.16198891401290893555e-01) (19, 5.36396726965904235840e-02) (20, 7.54990875720977783203e-02) (21, 6.46537244319915771484e-02) (19, 1.89622998237609863281e-01) (20, 7.02509582042694091797e-02) (21, 3.51685881614685058594e-02) 
