FANN_FLO_2.1
num_layers=3
learning_rate=0.100000
connection_rate=1.000000
network_type=0
learning_momentum=0.000000
training_algorithm=2
train_error_function=1
train_stop_function=0
cascade_output_change_fraction=0.010000
quickprop_decay=-0.000100
quickprop_mu=1.750000
rprop_increase_factor=1.200000
rprop_decrease_factor=0.500000
rprop_delta_min=0.000000
rprop_delta_max=50.000000
rprop_delta_zero=0.100000
cascade_output_stagnation_epochs=12
cascade_candidate_change_fraction=0.010000
cascade_candidate_stagnation_epochs=12
cascade_max_out_epochs=150
cascade_min_out_epochs=50
cascade_max_cand_epochs=150
cascade_min_cand_epochs=50
cascade_num_candidate_groups=2
bit_fail_limit=3.49999994039535522461e-01
cascade_candidate_limit=1.00000000000000000000e+03
cascade_weight_multiplier=4.00000005960464477539e-01
cascade_activation_functions_count=10
cascade_activation_functions=3 5 7 8 10 11 14 15 16 17 
cascade_activation_steepnesses_count=4
cascade_activation_steepnesses=2.50000000000000000000e-01 5.00000000000000000000e-01 7.50000000000000000000e-01 1.00000000000000000000e+00 
layer_sizes=10 3 2 
scale_included=0
neurons (num_inputs, activation_function, activation_steepness)=(0, 0, 0.00000000000000000000e+00) (0, 0, 0.00000000000000000000e+00) (0, 0, 0.00000000000000000000e+00) (0, 0, 0.00000000000000000000e+00) (0, 0, 0.00000000000000000000e+00) (0, 0, 0.00000000000000000000e+00) (0, 0, 0.00000000000000000000e+00) (0, 0, 0.00000000000000000000e+00) (0, 0, 0.00000000000000000000e+00) (0, 0, 0.00000000000000000000e+00) (10, 3, 5.00000000000000000000e-01) (10, 3, 5.00000000000000000000e-01) (0, 3, 0.00000000000000000000e+00) (3, 0, 5.00000000000000000000e-01) (0, 0, 0.00000000000000000000e+00) 
connections (connected_to_neuron, weight)=(0, -6.05829879641532897949e-02) (1, -2.14811980724334716797e-01) (2, -1.01268686354160308838e-01) (3, -1.97262108325958251953e-01) (4, -2.71043702960014343262e-02) (5, -9.40697714686393737793e-02) (6, -1.79233118891716003418e-01) (7, -1.32697805762290954590e-01) (8, -6.17781654000282287598e-02) (9, -1.05007864534854888916e-01) (0, -1.79783433675765991211e-01) (1, -2.60080024600028991699e-02) (2, -1.16223238408565521240e-01) (3, -1.86343878507614135742e-01) (4, -6.79960474371910095215e-02) (5, -1.17981597781181335449e-01) (6, -1.50669530034065246582e-01) (7, -1.55892103910446166992e-01) (8, -7.34026357531547546387e-02) (9, -1.53120696544647216797e-01) (10, 8.18819850683212280273e-02) (11, 7.45560377836227416992e-02) (12, 2.17304915189743041992e-01) 
