FANN_FLO_2.1
num_layers=3
learning_rate=0.100000
connection_rate=1.000000
network_type=0
learning_momentum=0.000000
training_algorithm=2
train_error_function=1
train_stop_function=0
cascade_output_change_fraction=0.010000
quickprop_decay=-0.000100
quickprop_mu=1.750000
rprop_increase_factor=1.200000
rprop_decrease_factor=0.500000
rprop_delta_min=0.000000
rprop_delta_max=50.000000
rprop_delta_zero=0.100000
cascade_output_stagnation_epochs=12
cascade_candidate_change_fraction=0.010000
cascade_candidate_stagnation_epochs=12
cascade_max_out_epochs=150
cascade_min_out_epochs=50
cascade_max_cand_epochs=150
cascade_min_cand_epochs=50
cascade_num_candidate_groups=2
bit_fail_limit=3.49999994039535522461e-01
cascade_candidate_limit=1.00000000000000000000e+03
cascade_weight_multiplier=4.00000005960464477539e-01
cascade_activation_functions_count=10
cascade_activation_functions=3 5 7 8 10 11 14 15 16 17 
cascade_activation_steepnesses_count=4
cascade_activation_steepnesses=2.50000000000000000000e-01 5.00000000000000000000e-01 7.50000000000000000000e-01 1.00000000000000000000e+00 
layer_sizes=19 3 3 
scale_included=0
neurons (num_inputs, activation_function, activation_steepness)=(0, 0, 0.00000000000000000000e+00) (0, 0, 0.00000000000000000000e+00) (0, 0, 0.00000000000000000000e+00) (0, 0, 0.00000000000000000000e+00) (0, 0, 0.00000000000000000000e+00) (0, 0, 0.00000000000000000000e+00) (0, 0, 0.00000000000000000000e+00) (0, 0, 0.00000000000000000000e+00) (0, 0, 0.00000000000000000000e+00) (0, 0, 0.00000000000000000000e+00) (0, 0, 0.00000000000000000000e+00) (0, 0, 0.00000000000000000000e+00) (0, 0, 0.00000000000000000000e+00) (0, 0, 0.00000000000000000000e+00) (0, 0, 0.00000000000000000000e+00) (0, 0, 0.00000000000000000000e+00) (0, 0, 0.00000000000000000000e+00) (0, 0, 0.00000000000000000000e+00) (0, 0, 0.00000000000000000000e+00) (19, 3, 5.00000000000000000000e-01) (19, 3, 5.00000000000000000000e-01) (0, 3, 0.00000000000000000000e+00) (3, 0, 5.00000000000000000000e-01) (3, 0, 5.00000000000000000000e-01) (0, 0, 0.00000000000000000000e+00) 
connections (connected_to_neuron, weight)=(0, -5.08954003453254699707e-02) (1, -1.40674203634262084961e-01) (2, -4.90629598498344421387e-02) (3, -7.26081505417823791504e-02) (4, -1.36521041393280029297e-01) (5, -1.67971968650817871094e-01) (6, -1.19891479611396789551e-01) (7, -1.23238369822502136230e-01) (8, -9.82965677976608276367e-02) (9, -1.23898103833198547363e-01) (10, -2.99409553408622741699e-02) (11, -1.85297966003417968750e-01) (12, -8.62735286355018615723e-02) (13, -1.59161031246185302734e-01) (14, -1.15335002541542053223e-01) (15, -2.08937436342239379883e-01) (16, -1.32135957479476928711e-01) (17, -1.20966874063014984131e-01) (18, -3.14690843224525451660e-02) (0, -1.82993173599243164062e-01) (1, -4.29480597376823425293e-02) (2, -1.26694396138191223145e-01) (3, -1.02687917649745941162e-01) (4, -1.96574941277503967285e-01) (5, -1.51813119649887084961e-01) (6, -2.16472744941711425781e-01) (7, -1.66276156902313232422e-01) (8, -2.70738229155540466309e-02) (9, -1.02622687816619873047e-01) (10, -2.10031881928443908691e-01) (11, -1.29915118217468261719e-01) (12, -1.33518084883689880371e-01) (13, -1.30706086754798889160e-01) (14, -1.58978089690208435059e-01) (15, -1.86126232147216796875e-01) (16, -4.72271367907524108887e-02) (17, -1.06950044631958007812e-01) (18, -8.60176905989646911621e-02) (19, 8.95345136523246765137e-02) (20, 5.47533929347991943359e-02) (21, 5.00842109322547912598e-02) (19, 7.95935541391372680664e-02) (20, 8.94554406404495239258e-02) (21, 1.83810681104660034180e-01) 
