FANN_FLO_2.1
num_layers=3
learning_rate=0.100000
connection_rate=1.000000
network_type=0
learning_momentum=0.000000
training_algorithm=2
train_error_function=1
train_stop_function=0
cascade_output_change_fraction=0.010000
quickprop_decay=-0.000100
quickprop_mu=1.750000
rprop_increase_factor=1.200000
rprop_decrease_factor=0.500000
rprop_delta_min=0.000000
rprop_delta_max=50.000000
rprop_delta_zero=0.100000
cascade_output_stagnation_epochs=12
cascade_candidate_change_fraction=0.010000
cascade_candidate_stagnation_epochs=12
cascade_max_out_epochs=150
cascade_min_out_epochs=50
cascade_max_cand_epochs=150
cascade_min_cand_epochs=50
cascade_num_candidate_groups=2
bit_fail_limit=3.49999994039535522461e-01
cascade_candidate_limit=1.00000000000000000000e+03
cascade_weight_multiplier=4.00000005960464477539e-01
cascade_activation_functions_count=10
cascade_activation_functions=3 5 7 8 10 11 14 15 16 17 
cascade_activation_steepnesses_count=4
cascade_activation_steepnesses=2.50000000000000000000e-01 5.00000000000000000000e-01 7.50000000000000000000e-01 1.00000000000000000000e+00 
layer_sizes=19 3 3 
scale_included=0
neurons (num_inputs, activation_function, activation_steepness)=(0, 0, 0.00000000000000000000e+00) (0, 0, 0.00000000000000000000e+00) (0, 0, 0.00000000000000000000e+00) (0, 0, 0.00000000000000000000e+00) (0, 0, 0.00000000000000000000e+00) (0, 0, 0.00000000000000000000e+00) (0, 0, 0.00000000000000000000e+00) (0, 0, 0.00000000000000000000e+00) (0, 0, 0.00000000000000000000e+00) (0, 0, 0.00000000000000000000e+00) (0, 0, 0.00000000000000000000e+00) (0, 0, 0.00000000000000000000e+00) (0, 0, 0.00000000000000000000e+00) (0, 0, 0.00000000000000000000e+00) (0, 0, 0.00000000000000000000e+00) (0, 0, 0.00000000000000000000e+00) (0, 0, 0.00000000000000000000e+00) (0, 0, 0.00000000000000000000e+00) (0, 0, 0.00000000000000000000e+00) (19, 3, 5.00000000000000000000e-01) (19, 3, 5.00000000000000000000e-01) (0, 3, 0.00000000000000000000e+00) (3, 0, 5.00000000000000000000e-01) (3, 0, 5.00000000000000000000e-01) (0, 0, 0.00000000000000000000e+00) 
connections (connected_to_neuron, weight)=(0, -1.61317512392997741699e-01) (1, -1.95779412984848022461e-01) (2, -1.40404164791107177734e-01) (3, -1.49948418140411376953e-01) (4, -1.70201361179351806641e-01) (5, -1.92006513476371765137e-01) (6, -1.02157771587371826172e-01) (7, -1.97164073586463928223e-01) (8, -1.37938871979713439941e-01) (9, -1.58298373222351074219e-01) (10, -1.18914939463138580322e-01) (11, -1.98584377765655517578e-01) (12, -1.80002361536026000977e-01) (13, -4.53971400856971740723e-02) (14, -1.72827690839767456055e-01) (15, -1.03484429419040679932e-01) (16, -6.53245821595191955566e-02) (17, -1.11207738518714904785e-01) (18, -5.56042119860649108887e-02) (0, -1.60140112042427062988e-01) (1, -6.19696751236915588379e-02) (2, -1.19337536394596099854e-01) (3, -3.33944484591484069824e-02) (4, -1.83492764830589294434e-01) (5, -1.25418305397033691406e-01) (6, -2.11724311113357543945e-01) (7, -1.42610356211662292480e-01) (8, -1.83787643909454345703e-01) (9, -9.31939408183097839355e-02) (10, -1.01188793778419494629e-01) (11, -1.77064523100852966309e-01) (12, -3.45114395022392272949e-02) (13, -7.69681856036186218262e-02) (14, -9.74686741828918457031e-02) (15, -1.64459854364395141602e-01) (16, -2.71695330739021301270e-02) (17, -6.94751814007759094238e-02) (18, -4.66176196932792663574e-02) (19, 3.56664061546325683594e-02) (20, 5.25859594345092773438e-02) (21, 5.50840049982070922852e-02) (19, 1.36751487851142883301e-01) (20, 7.40015804767608642578e-02) (21, 9.50816571712493896484e-02) 
