FANN_FLO_2.1
num_layers=3
learning_rate=0.100000
connection_rate=1.000000
network_type=0
learning_momentum=0.000000
training_algorithm=2
train_error_function=1
train_stop_function=0
cascade_output_change_fraction=0.010000
quickprop_decay=-0.000100
quickprop_mu=1.750000
rprop_increase_factor=1.200000
rprop_decrease_factor=0.500000
rprop_delta_min=0.000000
rprop_delta_max=50.000000
rprop_delta_zero=0.100000
cascade_output_stagnation_epochs=12
cascade_candidate_change_fraction=0.010000
cascade_candidate_stagnation_epochs=12
cascade_max_out_epochs=150
cascade_min_out_epochs=50
cascade_max_cand_epochs=150
cascade_min_cand_epochs=50
cascade_num_candidate_groups=2
bit_fail_limit=3.49999994039535522461e-01
cascade_candidate_limit=1.00000000000000000000e+03
cascade_weight_multiplier=4.00000005960464477539e-01
cascade_activation_functions_count=10
cascade_activation_functions=3 5 7 8 10 11 14 15 16 17 
cascade_activation_steepnesses_count=4
cascade_activation_steepnesses=2.50000000000000000000e-01 5.00000000000000000000e-01 7.50000000000000000000e-01 1.00000000000000000000e+00 
layer_sizes=19 3 3 
scale_included=0
neurons (num_inputs, activation_function, activation_steepness)=(0, 0, 0.00000000000000000000e+00) (0, 0, 0.00000000000000000000e+00) (0, 0, 0.00000000000000000000e+00) (0, 0, 0.00000000000000000000e+00) (0, 0, 0.00000000000000000000e+00) (0, 0, 0.00000000000000000000e+00) (0, 0, 0.00000000000000000000e+00) (0, 0, 0.00000000000000000000e+00) (0, 0, 0.00000000000000000000e+00) (0, 0, 0.00000000000000000000e+00) (0, 0, 0.00000000000000000000e+00) (0, 0, 0.00000000000000000000e+00) (0, 0, 0.00000000000000000000e+00) (0, 0, 0.00000000000000000000e+00) (0, 0, 0.00000000000000000000e+00) (0, 0, 0.00000000000000000000e+00) (0, 0, 0.00000000000000000000e+00) (0, 0, 0.00000000000000000000e+00) (0, 0, 0.00000000000000000000e+00) (19, 3, 5.00000000000000000000e-01) (19, 3, 5.00000000000000000000e-01) (0, 3, 0.00000000000000000000e+00) (3, 0, 5.00000000000000000000e-01) (3, 0, 5.00000000000000000000e-01) (0, 0, 0.00000000000000000000e+00) 
connections (connected_to_neuron, weight)=(0, 3.38563024997711181641e-02) (1, 2.14946508407592773438e-01) (2, 8.36509466171264648438e-02) (3, 1.93551599979400634766e-01) (4, 1.87306791543960571289e-01) (5, 1.18577122688293457031e-01) (6, 2.17745006084442138672e-01) (7, 5.62126487493515014648e-02) (8, 2.55294665694236755371e-02) (9, 2.08030015230178833008e-01) (10, 1.74813985824584960938e-01) (11, 8.08229595422744750977e-02) (12, 1.36310726404190063477e-01) (13, 9.39384549856185913086e-02) (14, 1.12235046923160552979e-01) (15, 1.66856527328491210938e-01) (16, 1.43399372696876525879e-01) (17, 1.94090276956558227539e-01) (18, 1.34531542658805847168e-01) (0, -7.55823180079460144043e-02) (1, -1.82953536510467529297e-01) (2, -7.20552727580070495605e-02) (3, -1.78890898823738098145e-01) (4, -6.22722581028938293457e-02) (5, -2.01402559876441955566e-01) (6, -1.29062771797180175781e-01) (7, -1.20182536542415618896e-01) (8, -1.97529494762420654297e-01) (9, -1.40672594308853149414e-01) (10, -3.04841026663780212402e-02) (11, -1.71077430248260498047e-01) (12, -1.26816302537918090820e-01) (13, -3.55375930666923522949e-02) (14, -1.07426486909389495850e-01) (15, -1.53264701366424560547e-01) (16, -6.82308152318000793457e-02) (17, -2.08849370479583740234e-01) (18, -1.55519694089889526367e-01) (19, 2.07981824874877929688e-01) (20, 3.66801023483276367188e-02) (21, 7.25103169679641723633e-02) (19, 1.62795811891555786133e-01) (20, 9.75030586123466491699e-02) (21, 1.88821047544479370117e-01) 
