FANN_FLO_2.1
num_layers=3
learning_rate=0.100000
connection_rate=1.000000
network_type=0
learning_momentum=0.000000
training_algorithm=2
train_error_function=1
train_stop_function=0
cascade_output_change_fraction=0.010000
quickprop_decay=-0.000100
quickprop_mu=1.750000
rprop_increase_factor=1.200000
rprop_decrease_factor=0.500000
rprop_delta_min=0.000000
rprop_delta_max=50.000000
rprop_delta_zero=0.100000
cascade_output_stagnation_epochs=12
cascade_candidate_change_fraction=0.010000
cascade_candidate_stagnation_epochs=12
cascade_max_out_epochs=150
cascade_min_out_epochs=50
cascade_max_cand_epochs=150
cascade_min_cand_epochs=50
cascade_num_candidate_groups=2
bit_fail_limit=3.49999994039535522461e-01
cascade_candidate_limit=1.00000000000000000000e+03
cascade_weight_multiplier=4.00000005960464477539e-01
cascade_activation_functions_count=10
cascade_activation_functions=3 5 7 8 10 11 14 15 16 17 
cascade_activation_steepnesses_count=4
cascade_activation_steepnesses=2.50000000000000000000e-01 5.00000000000000000000e-01 7.50000000000000000000e-01 1.00000000000000000000e+00 
layer_sizes=10 3 2 
scale_included=0
neurons (num_inputs, activation_function, activation_steepness)=(0, 0, 0.00000000000000000000e+00) (0, 0, 0.00000000000000000000e+00) (0, 0, 0.00000000000000000000e+00) (0, 0, 0.00000000000000000000e+00) (0, 0, 0.00000000000000000000e+00) (0, 0, 0.00000000000000000000e+00) (0, 0, 0.00000000000000000000e+00) (0, 0, 0.00000000000000000000e+00) (0, 0, 0.00000000000000000000e+00) (0, 0, 0.00000000000000000000e+00) (10, 3, 5.00000000000000000000e-01) (10, 3, 5.00000000000000000000e-01) (0, 3, 0.00000000000000000000e+00) (3, 0, 5.00000000000000000000e-01) (0, 0, 0.00000000000000000000e+00) 
connections (connected_to_neuron, weight)=(0, -6.70737996697425842285e-02) (1, -1.68713688850402832031e-01) (2, -1.01658582687377929688e-01) (3, -1.94645553827285766602e-01) (4, -9.47327241301536560059e-02) (5, -6.99875131249427795410e-02) (6, -1.53867542743682861328e-01) (7, -7.41469785571098327637e-02) (8, -1.23843170702457427979e-01) (9, -1.99067920446395874023e-01) (0, -1.63942679762840270996e-01) (1, -5.45437559485435485840e-02) (2, -1.46355286240577697754e-01) (3, -1.10572077333927154541e-01) (4, -1.09253123402595520020e-01) (5, -3.52835580706596374512e-02) (6, -1.38376757502555847168e-01) (7, -1.99187099933624267578e-01) (8, -9.21378508210182189941e-02) (9, -4.39139083027839660645e-02) (10, 2.74589359760284423828e-02) (11, 2.75823622941970825195e-02) (12, 9.06560570001602172852e-02) 
