FANN_FLO_2.1
num_layers=3
learning_rate=0.100000
connection_rate=1.000000
network_type=0
learning_momentum=0.000000
training_algorithm=2
train_error_function=1
train_stop_function=0
cascade_output_change_fraction=0.010000
quickprop_decay=-0.000100
quickprop_mu=1.750000
rprop_increase_factor=1.200000
rprop_decrease_factor=0.500000
rprop_delta_min=0.000000
rprop_delta_max=50.000000
rprop_delta_zero=0.100000
cascade_output_stagnation_epochs=12
cascade_candidate_change_fraction=0.010000
cascade_candidate_stagnation_epochs=12
cascade_max_out_epochs=150
cascade_min_out_epochs=50
cascade_max_cand_epochs=150
cascade_min_cand_epochs=50
cascade_num_candidate_groups=2
bit_fail_limit=3.49999994039535522461e-01
cascade_candidate_limit=1.00000000000000000000e+03
cascade_weight_multiplier=4.00000005960464477539e-01
cascade_activation_functions_count=10
cascade_activation_functions=3 5 7 8 10 11 14 15 16 17 
cascade_activation_steepnesses_count=4
cascade_activation_steepnesses=2.50000000000000000000e-01 5.00000000000000000000e-01 7.50000000000000000000e-01 1.00000000000000000000e+00 
layer_sizes=19 3 3 
scale_included=0
neurons (num_inputs, activation_function, activation_steepness)=(0, 0, 0.00000000000000000000e+00) (0, 0, 0.00000000000000000000e+00) (0, 0, 0.00000000000000000000e+00) (0, 0, 0.00000000000000000000e+00) (0, 0, 0.00000000000000000000e+00) (0, 0, 0.00000000000000000000e+00) (0, 0, 0.00000000000000000000e+00) (0, 0, 0.00000000000000000000e+00) (0, 0, 0.00000000000000000000e+00) (0, 0, 0.00000000000000000000e+00) (0, 0, 0.00000000000000000000e+00) (0, 0, 0.00000000000000000000e+00) (0, 0, 0.00000000000000000000e+00) (0, 0, 0.00000000000000000000e+00) (0, 0, 0.00000000000000000000e+00) (0, 0, 0.00000000000000000000e+00) (0, 0, 0.00000000000000000000e+00) (0, 0, 0.00000000000000000000e+00) (0, 0, 0.00000000000000000000e+00) (19, 3, 5.00000000000000000000e-01) (19, 3, 5.00000000000000000000e-01) (0, 3, 0.00000000000000000000e+00) (3, 0, 5.00000000000000000000e-01) (3, 0, 5.00000000000000000000e-01) (0, 0, 0.00000000000000000000e+00) 
connections (connected_to_neuron, weight)=(0, 4.89620789885520935059e-02) (1, 1.85479342937469482422e-01) (2, 7.86588191986083984375e-02) (3, 1.51734799146652221680e-01) (4, 2.13531494140625000000e-01) (5, 4.80703935027122497559e-02) (6, 1.61377012729644775391e-01) (7, 6.82860463857650756836e-02) (8, 5.02603203058242797852e-02) (9, 1.33247718214988708496e-01) (10, 1.57930582761764526367e-01) (11, 1.93406194448471069336e-01) (12, 1.20519384741783142090e-01) (13, 5.78522272408008575439e-02) (14, 3.72353270649909973145e-02) (15, 2.16442883014678955078e-01) (16, 2.66872271895408630371e-02) (17, 1.60679817199707031250e-01) (18, 1.48087918758392333984e-01) (0, -1.97918042540550231934e-01) (1, -5.05142435431480407715e-02) (2, -1.54688030481338500977e-01) (3, -1.23797975480556488037e-01) (4, -2.05415040254592895508e-01) (5, -1.07962369918823242188e-01) (6, -3.86280044913291931152e-02) (7, -1.39780580997467041016e-01) (8, -8.28227922320365905762e-02) (9, -7.93836638331413269043e-02) (10, -5.99043145775794982910e-02) (11, -4.65719029307365417480e-02) (12, -5.04215881228446960449e-02) (13, -9.44249555468559265137e-02) (14, -1.87913089990615844727e-01) (15, -1.18686817586421966553e-01) (16, -1.00893460214138031006e-01) (17, -1.59842699766159057617e-01) (18, -1.77309811115264892578e-01) (19, 1.87392592430114746094e-01) (20, 1.10417634248733520508e-01) (21, 1.75937891006469726562e-01) (19, 1.25323176383972167969e-01) (20, 8.38238149881362915039e-02) (21, 7.64572918415069580078e-02) 
