FANN_FLO_2.1
num_layers=3
learning_rate=0.100000
connection_rate=1.000000
network_type=0
learning_momentum=0.000000
training_algorithm=2
train_error_function=1
train_stop_function=0
cascade_output_change_fraction=0.010000
quickprop_decay=-0.000100
quickprop_mu=1.750000
rprop_increase_factor=1.200000
rprop_decrease_factor=0.500000
rprop_delta_min=0.000000
rprop_delta_max=50.000000
rprop_delta_zero=0.100000
cascade_output_stagnation_epochs=12
cascade_candidate_change_fraction=0.010000
cascade_candidate_stagnation_epochs=12
cascade_max_out_epochs=150
cascade_min_out_epochs=50
cascade_max_cand_epochs=150
cascade_min_cand_epochs=50
cascade_num_candidate_groups=2
bit_fail_limit=3.49999994039535522461e-01
cascade_candidate_limit=1.00000000000000000000e+03
cascade_weight_multiplier=4.00000005960464477539e-01
cascade_activation_functions_count=10
cascade_activation_functions=3 5 7 8 10 11 14 15 16 17 
cascade_activation_steepnesses_count=4
cascade_activation_steepnesses=2.50000000000000000000e-01 5.00000000000000000000e-01 7.50000000000000000000e-01 1.00000000000000000000e+00 
layer_sizes=19 3 3 
scale_included=0
neurons (num_inputs, activation_function, activation_steepness)=(0, 0, 0.00000000000000000000e+00) (0, 0, 0.00000000000000000000e+00) (0, 0, 0.00000000000000000000e+00) (0, 0, 0.00000000000000000000e+00) (0, 0, 0.00000000000000000000e+00) (0, 0, 0.00000000000000000000e+00) (0, 0, 0.00000000000000000000e+00) (0, 0, 0.00000000000000000000e+00) (0, 0, 0.00000000000000000000e+00) (0, 0, 0.00000000000000000000e+00) (0, 0, 0.00000000000000000000e+00) (0, 0, 0.00000000000000000000e+00) (0, 0, 0.00000000000000000000e+00) (0, 0, 0.00000000000000000000e+00) (0, 0, 0.00000000000000000000e+00) (0, 0, 0.00000000000000000000e+00) (0, 0, 0.00000000000000000000e+00) (0, 0, 0.00000000000000000000e+00) (0, 0, 0.00000000000000000000e+00) (19, 3, 5.00000000000000000000e-01) (19, 3, 5.00000000000000000000e-01) (0, 3, 0.00000000000000000000e+00) (3, 0, 5.00000000000000000000e-01) (3, 0, 5.00000000000000000000e-01) (0, 0, 0.00000000000000000000e+00) 
connections (connected_to_neuron, weight)=(0, 1.37238055467605590820e-01) (1, 4.95184808969497680664e-02) (2, 1.91604703664779663086e-01) (3, 1.80855244398117065430e-01) (4, 5.11378496885299682617e-02) (5, 2.83205285668373107910e-02) (6, 1.19223341345787048340e-01) (7, 1.18378765881061553955e-01) (8, 1.21283888816833496094e-01) (9, 7.33852013945579528809e-02) (10, 2.42059975862503051758e-02) (11, 1.25631555914878845215e-01) (12, 7.16863274574279785156e-02) (13, 8.72226879000663757324e-02) (14, 1.39414966106414794922e-01) (15, 6.39980882406234741211e-02) (16, 1.35449469089508056641e-01) (17, 7.07076415419578552246e-02) (18, 1.24905034899711608887e-01) (0, 1.61743134260177612305e-01) (1, 1.84581339359283447266e-01) (2, 9.76198092103004455566e-02) (3, 8.48420783877372741699e-02) (4, 1.93269461393356323242e-01) (5, 1.87495261430740356445e-01) (6, 2.18243986368179321289e-01) (7, 7.35422223806381225586e-02) (8, 1.40710726380348205566e-01) (9, 6.57422691583633422852e-02) (10, 1.73709690570831298828e-01) (11, 3.01414579153060913086e-02) (12, 1.82980328798294067383e-01) (13, 2.03228175640106201172e-01) (14, 2.01746165752410888672e-01) (15, 1.43835544586181640625e-01) (16, 3.43660265207290649414e-02) (17, 2.10066676139831542969e-01) (18, 4.30588871240615844727e-02) (19, 1.32744789123535156250e-01) (20, 1.11350551247596740723e-01) (21, 9.64440852403640747070e-02) (19, 1.36950775980949401855e-01) (20, 2.16982126235961914062e-01) (21, 1.48130416870117187500e-01) 
