FANN_FLO_2.1
num_layers=3
learning_rate=0.100000
connection_rate=1.000000
network_type=0
learning_momentum=0.000000
training_algorithm=2
train_error_function=1
train_stop_function=0
cascade_output_change_fraction=0.010000
quickprop_decay=-0.000100
quickprop_mu=1.750000
rprop_increase_factor=1.200000
rprop_decrease_factor=0.500000
rprop_delta_min=0.000000
rprop_delta_max=50.000000
rprop_delta_zero=0.100000
cascade_output_stagnation_epochs=12
cascade_candidate_change_fraction=0.010000
cascade_candidate_stagnation_epochs=12
cascade_max_out_epochs=150
cascade_min_out_epochs=50
cascade_max_cand_epochs=150
cascade_min_cand_epochs=50
cascade_num_candidate_groups=2
bit_fail_limit=3.49999994039535522461e-01
cascade_candidate_limit=1.00000000000000000000e+03
cascade_weight_multiplier=4.00000005960464477539e-01
cascade_activation_functions_count=10
cascade_activation_functions=3 5 7 8 10 11 14 15 16 17 
cascade_activation_steepnesses_count=4
cascade_activation_steepnesses=2.50000000000000000000e-01 5.00000000000000000000e-01 7.50000000000000000000e-01 1.00000000000000000000e+00 
layer_sizes=10 3 2 
scale_included=0
neurons (num_inputs, activation_function, activation_steepness)=(0, 0, 0.00000000000000000000e+00) (0, 0, 0.00000000000000000000e+00) (0, 0, 0.00000000000000000000e+00) (0, 0, 0.00000000000000000000e+00) (0, 0, 0.00000000000000000000e+00) (0, 0, 0.00000000000000000000e+00) (0, 0, 0.00000000000000000000e+00) (0, 0, 0.00000000000000000000e+00) (0, 0, 0.00000000000000000000e+00) (0, 0, 0.00000000000000000000e+00) (10, 3, 5.00000000000000000000e-01) (10, 3, 5.00000000000000000000e-01) (0, 3, 0.00000000000000000000e+00) (3, 0, 5.00000000000000000000e-01) (0, 0, 0.00000000000000000000e+00) 
connections (connected_to_neuron, weight)=(0, -1.76099434494972229004e-01) (1, -8.94198641180992126465e-02) (2, -1.55291408300399780273e-01) (3, -1.36159479618072509766e-01) (4, -1.86980068683624267578e-01) (5, -1.74778163433074951172e-01) (6, -1.32776528596878051758e-01) (7, -1.08803488314151763916e-01) (8, -1.49452224373817443848e-01) (9, -1.15574873983860015869e-01) (0, 1.50765150785446166992e-01) (1, 1.58538430929183959961e-01) (2, 6.42062574625015258789e-02) (3, 1.56765997409820556641e-01) (4, 1.69132530689239501953e-01) (5, 2.13515430688858032227e-01) (6, 4.61801588535308837891e-02) (7, 1.89045578241348266602e-01) (8, 1.53238981962203979492e-01) (9, 1.15366235375404357910e-01) (10, 6.75196647644042968750e-02) (11, 1.44987300038337707520e-01) (12, 4.54360246658325195312e-02) 
