FANN_FLO_2.1
num_layers=3
learning_rate=0.100000
connection_rate=1.000000
network_type=0
learning_momentum=0.000000
training_algorithm=2
train_error_function=1
train_stop_function=0
cascade_output_change_fraction=0.010000
quickprop_decay=-0.000100
quickprop_mu=1.750000
rprop_increase_factor=1.200000
rprop_decrease_factor=0.500000
rprop_delta_min=0.000000
rprop_delta_max=50.000000
rprop_delta_zero=0.100000
cascade_output_stagnation_epochs=12
cascade_candidate_change_fraction=0.010000
cascade_candidate_stagnation_epochs=12
cascade_max_out_epochs=150
cascade_min_out_epochs=50
cascade_max_cand_epochs=150
cascade_min_cand_epochs=50
cascade_num_candidate_groups=2
bit_fail_limit=3.49999994039535522461e-01
cascade_candidate_limit=1.00000000000000000000e+03
cascade_weight_multiplier=4.00000005960464477539e-01
cascade_activation_functions_count=10
cascade_activation_functions=3 5 7 8 10 11 14 15 16 17 
cascade_activation_steepnesses_count=4
cascade_activation_steepnesses=2.50000000000000000000e-01 5.00000000000000000000e-01 7.50000000000000000000e-01 1.00000000000000000000e+00 
layer_sizes=10 3 2 
scale_included=0
neurons (num_inputs, activation_function, activation_steepness)=(0, 0, 0.00000000000000000000e+00) (0, 0, 0.00000000000000000000e+00) (0, 0, 0.00000000000000000000e+00) (0, 0, 0.00000000000000000000e+00) (0, 0, 0.00000000000000000000e+00) (0, 0, 0.00000000000000000000e+00) (0, 0, 0.00000000000000000000e+00) (0, 0, 0.00000000000000000000e+00) (0, 0, 0.00000000000000000000e+00) (0, 0, 0.00000000000000000000e+00) (10, 3, 5.00000000000000000000e-01) (10, 3, 5.00000000000000000000e-01) (0, 3, 0.00000000000000000000e+00) (3, 0, 5.00000000000000000000e-01) (0, 0, 0.00000000000000000000e+00) 
connections (connected_to_neuron, weight)=(0, -9.67024341225624084473e-02) (1, -2.15670138597488403320e-01) (2, -1.40198439359664916992e-01) (3, -8.95135179162025451660e-02) (4, -2.10536673665046691895e-01) (5, -6.21319189667701721191e-02) (6, -1.54213622212409973145e-01) (7, -1.37549817562103271484e-01) (8, -1.95180535316467285156e-01) (9, -9.74072068929672241211e-02) (0, 6.07995055615901947021e-02) (1, 2.21166238188743591309e-02) (2, 2.09248274564743041992e-01) (3, 1.25136479735374450684e-01) (4, 2.72143706679344177246e-02) (5, 1.37633547186851501465e-01) (6, 7.12226331233978271484e-02) (7, 5.27541413903236389160e-02) (8, 1.25592634081840515137e-01) (9, 4.51396927237510681152e-02) (10, 3.76462787389755249023e-02) (11, 1.89233124256134033203e-01) (12, 1.01187825202941894531e-01) 
