FANN_FLO_2.1
num_layers=3
learning_rate=0.100000
connection_rate=1.000000
network_type=0
learning_momentum=0.000000
training_algorithm=2
train_error_function=1
train_stop_function=0
cascade_output_change_fraction=0.010000
quickprop_decay=-0.000100
quickprop_mu=1.750000
rprop_increase_factor=1.200000
rprop_decrease_factor=0.500000
rprop_delta_min=0.000000
rprop_delta_max=50.000000
rprop_delta_zero=0.100000
cascade_output_stagnation_epochs=12
cascade_candidate_change_fraction=0.010000
cascade_candidate_stagnation_epochs=12
cascade_max_out_epochs=150
cascade_min_out_epochs=50
cascade_max_cand_epochs=150
cascade_min_cand_epochs=50
cascade_num_candidate_groups=2
bit_fail_limit=3.49999994039535522461e-01
cascade_candidate_limit=1.00000000000000000000e+03
cascade_weight_multiplier=4.00000005960464477539e-01
cascade_activation_functions_count=10
cascade_activation_functions=3 5 7 8 10 11 14 15 16 17 
cascade_activation_steepnesses_count=4
cascade_activation_steepnesses=2.50000000000000000000e-01 5.00000000000000000000e-01 7.50000000000000000000e-01 1.00000000000000000000e+00 
layer_sizes=19 3 3 
scale_included=0
neurons (num_inputs, activation_function, activation_steepness)=(0, 0, 0.00000000000000000000e+00) (0, 0, 0.00000000000000000000e+00) (0, 0, 0.00000000000000000000e+00) (0, 0, 0.00000000000000000000e+00) (0, 0, 0.00000000000000000000e+00) (0, 0, 0.00000000000000000000e+00) (0, 0, 0.00000000000000000000e+00) (0, 0, 0.00000000000000000000e+00) (0, 0, 0.00000000000000000000e+00) (0, 0, 0.00000000000000000000e+00) (0, 0, 0.00000000000000000000e+00) (0, 0, 0.00000000000000000000e+00) (0, 0, 0.00000000000000000000e+00) (0, 0, 0.00000000000000000000e+00) (0, 0, 0.00000000000000000000e+00) (0, 0, 0.00000000000000000000e+00) (0, 0, 0.00000000000000000000e+00) (0, 0, 0.00000000000000000000e+00) (0, 0, 0.00000000000000000000e+00) (19, 3, 5.00000000000000000000e-01) (19, 3, 5.00000000000000000000e-01) (0, 3, 0.00000000000000000000e+00) (3, 0, 5.00000000000000000000e-01) (3, 0, 5.00000000000000000000e-01) (0, 0, 0.00000000000000000000e+00) 
connections (connected_to_neuron, weight)=(0, -1.04334034025669097900e-01) (1, -1.77276909351348876953e-01) (2, -1.10279783606529235840e-01) (3, -1.31052091717720031738e-01) (4, -1.88168466091156005859e-01) (5, -6.42134025692939758301e-02) (6, -1.66236475110054016113e-01) (7, -1.04922257363796234131e-01) (8, -1.91719189286231994629e-01) (9, -1.27054929733276367188e-01) (10, -1.51768058538436889648e-01) (11, -5.63258901238441467285e-02) (12, -3.54581847786903381348e-02) (13, -2.03217267990112304688e-01) (14, -1.64926618337631225586e-01) (15, -1.29290029406547546387e-01) (16, -1.49045199155807495117e-01) (17, -1.61485001444816589355e-01) (18, -1.26611202955245971680e-01) (0, 1.08979023993015289307e-01) (1, 1.75819814205169677734e-01) (2, 5.50029948353767395020e-02) (3, 2.11828172206878662109e-01) (4, 2.07365453243255615234e-01) (5, 1.56503438949584960938e-01) (6, 8.85893553495407104492e-02) (7, 7.03674554824829101562e-02) (8, 1.45968377590179443359e-01) (9, 1.96783006191253662109e-01) (10, 3.95872145891189575195e-02) (11, 7.19753205776214599609e-02) (12, 1.12448997795581817627e-01) (13, 8.23103040456771850586e-02) (14, 1.81695520877838134766e-01) (15, 2.01396912336349487305e-01) (16, 1.14141851663589477539e-01) (17, 1.37482136487960815430e-01) (18, 5.51604330539703369141e-02) (19, 2.92195901274681091309e-02) (20, 1.65762960910797119141e-01) (21, 1.48105502128601074219e-01) (19, 9.74515378475189208984e-02) (20, 1.29437059164047241211e-01) (21, 1.32647320628166198730e-01) 
