FANN_FLO_2.1
num_layers=3
learning_rate=0.100000
connection_rate=1.000000
network_type=0
learning_momentum=0.000000
training_algorithm=2
train_error_function=1
train_stop_function=0
cascade_output_change_fraction=0.010000
quickprop_decay=-0.000100
quickprop_mu=1.750000
rprop_increase_factor=1.200000
rprop_decrease_factor=0.500000
rprop_delta_min=0.000000
rprop_delta_max=50.000000
rprop_delta_zero=0.100000
cascade_output_stagnation_epochs=12
cascade_candidate_change_fraction=0.010000
cascade_candidate_stagnation_epochs=12
cascade_max_out_epochs=150
cascade_min_out_epochs=50
cascade_max_cand_epochs=150
cascade_min_cand_epochs=50
cascade_num_candidate_groups=2
bit_fail_limit=3.49999994039535522461e-01
cascade_candidate_limit=1.00000000000000000000e+03
cascade_weight_multiplier=4.00000005960464477539e-01
cascade_activation_functions_count=10
cascade_activation_functions=3 5 7 8 10 11 14 15 16 17 
cascade_activation_steepnesses_count=4
cascade_activation_steepnesses=2.50000000000000000000e-01 5.00000000000000000000e-01 7.50000000000000000000e-01 1.00000000000000000000e+00 
layer_sizes=19 3 3 
scale_included=0
neurons (num_inputs, activation_function, activation_steepness)=(0, 0, 0.00000000000000000000e+00) (0, 0, 0.00000000000000000000e+00) (0, 0, 0.00000000000000000000e+00) (0, 0, 0.00000000000000000000e+00) (0, 0, 0.00000000000000000000e+00) (0, 0, 0.00000000000000000000e+00) (0, 0, 0.00000000000000000000e+00) (0, 0, 0.00000000000000000000e+00) (0, 0, 0.00000000000000000000e+00) (0, 0, 0.00000000000000000000e+00) (0, 0, 0.00000000000000000000e+00) (0, 0, 0.00000000000000000000e+00) (0, 0, 0.00000000000000000000e+00) (0, 0, 0.00000000000000000000e+00) (0, 0, 0.00000000000000000000e+00) (0, 0, 0.00000000000000000000e+00) (0, 0, 0.00000000000000000000e+00) (0, 0, 0.00000000000000000000e+00) (0, 0, 0.00000000000000000000e+00) (19, 3, 5.00000000000000000000e-01) (19, 3, 5.00000000000000000000e-01) (0, 3, 0.00000000000000000000e+00) (3, 0, 5.00000000000000000000e-01) (3, 0, 5.00000000000000000000e-01) (0, 0, 0.00000000000000000000e+00) 
connections (connected_to_neuron, weight)=(0, -7.47414156794548034668e-02) (1, -2.18868106603622436523e-01) (2, -1.73314556479454040527e-01) (3, -2.76313349604606628418e-02) (4, -5.87996765971183776855e-02) (5, -1.85813665390014648438e-01) (6, -8.79591181874275207520e-02) (7, -1.41148120164871215820e-01) (8, -2.09355548024177551270e-01) (9, -1.46553754806518554688e-01) (10, -5.02015575766563415527e-02) (11, -1.39698728919029235840e-01) (12, -5.65283820033073425293e-02) (13, -1.85840964317321777344e-01) (14, -6.44878521561622619629e-02) (15, -2.11971506476402282715e-01) (16, -2.10798829793930053711e-01) (17, -6.65101185441017150879e-02) (18, -1.04610525071620941162e-01) (0, 8.24897736310958862305e-02) (1, 2.02379614114761352539e-01) (2, 1.97568982839584350586e-01) (3, 1.70992404222488403320e-01) (4, 1.72557353973388671875e-01) (5, 9.16136577725410461426e-02) (6, 7.37436711788177490234e-02) (7, 1.91224545240402221680e-01) (8, 1.61986589431762695312e-01) (9, 1.11325554549694061279e-01) (10, 4.43346276879310607910e-02) (11, 1.25711679458618164062e-01) (12, 5.65841346979141235352e-02) (13, 4.54665273427963256836e-02) (14, 1.72397136688232421875e-01) (15, 4.89528104662895202637e-02) (16, 2.06666857004165649414e-01) (17, 2.06583470106124877930e-01) (18, 1.80993676185607910156e-01) (19, 8.55187326669692993164e-02) (20, 2.17227935791015625000e-01) (21, 5.44399470090866088867e-02) (19, 5.53171783685684204102e-02) (20, 9.75292026996612548828e-02) (21, 2.17911571264266967773e-01) 
