FANN_FLO_2.1
num_layers=3
learning_rate=0.100000
connection_rate=1.000000
network_type=0
learning_momentum=0.000000
training_algorithm=2
train_error_function=1
train_stop_function=0
cascade_output_change_fraction=0.010000
quickprop_decay=-0.000100
quickprop_mu=1.750000
rprop_increase_factor=1.200000
rprop_decrease_factor=0.500000
rprop_delta_min=0.000000
rprop_delta_max=50.000000
rprop_delta_zero=0.100000
cascade_output_stagnation_epochs=12
cascade_candidate_change_fraction=0.010000
cascade_candidate_stagnation_epochs=12
cascade_max_out_epochs=150
cascade_min_out_epochs=50
cascade_max_cand_epochs=150
cascade_min_cand_epochs=50
cascade_num_candidate_groups=2
bit_fail_limit=3.49999994039535522461e-01
cascade_candidate_limit=1.00000000000000000000e+03
cascade_weight_multiplier=4.00000005960464477539e-01
cascade_activation_functions_count=10
cascade_activation_functions=3 5 7 8 10 11 14 15 16 17 
cascade_activation_steepnesses_count=4
cascade_activation_steepnesses=2.50000000000000000000e-01 5.00000000000000000000e-01 7.50000000000000000000e-01 1.00000000000000000000e+00 
layer_sizes=10 3 2 
scale_included=0
neurons (num_inputs, activation_function, activation_steepness)=(0, 0, 0.00000000000000000000e+00) (0, 0, 0.00000000000000000000e+00) (0, 0, 0.00000000000000000000e+00) (0, 0, 0.00000000000000000000e+00) (0, 0, 0.00000000000000000000e+00) (0, 0, 0.00000000000000000000e+00) (0, 0, 0.00000000000000000000e+00) (0, 0, 0.00000000000000000000e+00) (0, 0, 0.00000000000000000000e+00) (0, 0, 0.00000000000000000000e+00) (10, 3, 5.00000000000000000000e-01) (10, 3, 5.00000000000000000000e-01) (0, 3, 0.00000000000000000000e+00) (3, 0, 5.00000000000000000000e-01) (0, 0, 0.00000000000000000000e+00) 
connections (connected_to_neuron, weight)=(0, -7.71287158131599426270e-02) (1, -8.48178043961524963379e-02) (2, -1.29876822233200073242e-01) (3, -1.33964478969573974609e-01) (4, -1.06958687305450439453e-01) (5, -1.34709835052490234375e-01) (6, -1.43652051687240600586e-01) (7, -2.06199407577514648438e-01) (8, -1.16369292140007019043e-01) (9, -2.17547297477722167969e-01) (0, 4.73190471529960632324e-02) (1, 1.12504281103610992432e-01) (2, 1.22472070157527923584e-01) (3, 1.86905562877655029297e-01) (4, 1.32597088813781738281e-01) (5, 1.63680583238601684570e-01) (6, 1.01338878273963928223e-01) (7, 3.97686064243316650391e-02) (8, 2.14974880218505859375e-01) (9, 1.89710617065429687500e-01) (10, 5.22743761539459228516e-02) (11, 1.62712126970291137695e-01) (12, 6.41167461872100830078e-02) 
