FANN_FLO_2.1
num_layers=3
learning_rate=0.100000
connection_rate=1.000000
network_type=0
learning_momentum=0.000000
training_algorithm=2
train_error_function=1
train_stop_function=0
cascade_output_change_fraction=0.010000
quickprop_decay=-0.000100
quickprop_mu=1.750000
rprop_increase_factor=1.200000
rprop_decrease_factor=0.500000
rprop_delta_min=0.000000
rprop_delta_max=50.000000
rprop_delta_zero=0.100000
cascade_output_stagnation_epochs=12
cascade_candidate_change_fraction=0.010000
cascade_candidate_stagnation_epochs=12
cascade_max_out_epochs=150
cascade_min_out_epochs=50
cascade_max_cand_epochs=150
cascade_min_cand_epochs=50
cascade_num_candidate_groups=2
bit_fail_limit=3.49999994039535522461e-01
cascade_candidate_limit=1.00000000000000000000e+03
cascade_weight_multiplier=4.00000005960464477539e-01
cascade_activation_functions_count=10
cascade_activation_functions=3 5 7 8 10 11 14 15 16 17 
cascade_activation_steepnesses_count=4
cascade_activation_steepnesses=2.50000000000000000000e-01 5.00000000000000000000e-01 7.50000000000000000000e-01 1.00000000000000000000e+00 
layer_sizes=10 3 2 
scale_included=0
neurons (num_inputs, activation_function, activation_steepness)=(0, 0, 0.00000000000000000000e+00) (0, 0, 0.00000000000000000000e+00) (0, 0, 0.00000000000000000000e+00) (0, 0, 0.00000000000000000000e+00) (0, 0, 0.00000000000000000000e+00) (0, 0, 0.00000000000000000000e+00) (0, 0, 0.00000000000000000000e+00) (0, 0, 0.00000000000000000000e+00) (0, 0, 0.00000000000000000000e+00) (0, 0, 0.00000000000000000000e+00) (10, 3, 5.00000000000000000000e-01) (10, 3, 5.00000000000000000000e-01) (0, 3, 0.00000000000000000000e+00) (3, 0, 5.00000000000000000000e-01) (0, 0, 0.00000000000000000000e+00) 
connections (connected_to_neuron, weight)=(0, 3.65338474512100219727e-02) (1, 1.13261178135871887207e-01) (2, 1.66738063097000122070e-01) (3, 1.65337920188903808594e-01) (4, 1.13259591162204742432e-01) (5, 1.46304666996002197266e-01) (6, 1.50586068630218505859e-01) (7, 1.28050893545150756836e-01) (8, 6.44989758729934692383e-02) (9, 5.19805699586868286133e-02) (0, 6.60746619105339050293e-02) (1, 1.13428734242916107178e-01) (2, 1.47647172212600708008e-01) (3, 9.67947915196418762207e-02) (4, 1.46068692207336425781e-01) (5, 8.50584730505943298340e-02) (6, 1.08681194484233856201e-01) (7, 1.39962583780288696289e-01) (8, 9.95279997587203979492e-02) (9, 5.25042414665222167969e-02) (10, 1.43572151660919189453e-01) (11, 1.26821920275688171387e-01) (12, 1.32843837141990661621e-01) 
