FANN_FLO_2.1
num_layers=3
learning_rate=0.100000
connection_rate=1.000000
network_type=0
learning_momentum=0.000000
training_algorithm=2
train_error_function=1
train_stop_function=0
cascade_output_change_fraction=0.010000
quickprop_decay=-0.000100
quickprop_mu=1.750000
rprop_increase_factor=1.200000
rprop_decrease_factor=0.500000
rprop_delta_min=0.000000
rprop_delta_max=50.000000
rprop_delta_zero=0.100000
cascade_output_stagnation_epochs=12
cascade_candidate_change_fraction=0.010000
cascade_candidate_stagnation_epochs=12
cascade_max_out_epochs=150
cascade_min_out_epochs=50
cascade_max_cand_epochs=150
cascade_min_cand_epochs=50
cascade_num_candidate_groups=2
bit_fail_limit=3.49999994039535522461e-01
cascade_candidate_limit=1.00000000000000000000e+03
cascade_weight_multiplier=4.00000005960464477539e-01
cascade_activation_functions_count=10
cascade_activation_functions=3 5 7 8 10 11 14 15 16 17 
cascade_activation_steepnesses_count=4
cascade_activation_steepnesses=2.50000000000000000000e-01 5.00000000000000000000e-01 7.50000000000000000000e-01 1.00000000000000000000e+00 
layer_sizes=10 3 2 
scale_included=0
neurons (num_inputs, activation_function, activation_steepness)=(0, 0, 0.00000000000000000000e+00) (0, 0, 0.00000000000000000000e+00) (0, 0, 0.00000000000000000000e+00) (0, 0, 0.00000000000000000000e+00) (0, 0, 0.00000000000000000000e+00) (0, 0, 0.00000000000000000000e+00) (0, 0, 0.00000000000000000000e+00) (0, 0, 0.00000000000000000000e+00) (0, 0, 0.00000000000000000000e+00) (0, 0, 0.00000000000000000000e+00) (10, 3, 5.00000000000000000000e-01) (10, 3, 5.00000000000000000000e-01) (0, 3, 0.00000000000000000000e+00) (3, 0, 5.00000000000000000000e-01) (0, 0, 0.00000000000000000000e+00) 
connections (connected_to_neuron, weight)=(0, -6.63295164704322814941e-02) (1, -2.50867828726768493652e-02) (2, -2.94869467616081237793e-02) (3, -1.31110116839408874512e-01) (4, -2.04492375254631042480e-01) (5, -2.10309594869613647461e-01) (6, -2.08011180162429809570e-01) (7, -1.58509492874145507812e-01) (8, -2.08306878805160522461e-01) (9, -1.07463158667087554932e-01) (0, -1.38195261359214782715e-01) (1, -6.79499283432960510254e-02) (2, -1.03893078863620758057e-01) (3, -1.71237215399742126465e-01) (4, -4.20837923884391784668e-02) (5, -1.54211044311523437500e-01) (6, -2.47176066040992736816e-02) (7, -5.84307983517646789551e-02) (8, -1.43237888813018798828e-01) (9, -7.50407055020332336426e-02) (10, 1.17844365537166595459e-01) (11, 4.35433909296989440918e-02) (12, 8.95563587546348571777e-02) 
