FANN_FLO_2.1
num_layers=3
learning_rate=0.100000
connection_rate=1.000000
network_type=0
learning_momentum=0.000000
training_algorithm=2
train_error_function=1
train_stop_function=0
cascade_output_change_fraction=0.010000
quickprop_decay=-0.000100
quickprop_mu=1.750000
rprop_increase_factor=1.200000
rprop_decrease_factor=0.500000
rprop_delta_min=0.000000
rprop_delta_max=50.000000
rprop_delta_zero=0.100000
cascade_output_stagnation_epochs=12
cascade_candidate_change_fraction=0.010000
cascade_candidate_stagnation_epochs=12
cascade_max_out_epochs=150
cascade_min_out_epochs=50
cascade_max_cand_epochs=150
cascade_min_cand_epochs=50
cascade_num_candidate_groups=2
bit_fail_limit=3.49999994039535522461e-01
cascade_candidate_limit=1.00000000000000000000e+03
cascade_weight_multiplier=4.00000005960464477539e-01
cascade_activation_functions_count=10
cascade_activation_functions=3 5 7 8 10 11 14 15 16 17 
cascade_activation_steepnesses_count=4
cascade_activation_steepnesses=2.50000000000000000000e-01 5.00000000000000000000e-01 7.50000000000000000000e-01 1.00000000000000000000e+00 
layer_sizes=10 3 2 
scale_included=0
neurons (num_inputs, activation_function, activation_steepness)=(0, 0, 0.00000000000000000000e+00) (0, 0, 0.00000000000000000000e+00) (0, 0, 0.00000000000000000000e+00) (0, 0, 0.00000000000000000000e+00) (0, 0, 0.00000000000000000000e+00) (0, 0, 0.00000000000000000000e+00) (0, 0, 0.00000000000000000000e+00) (0, 0, 0.00000000000000000000e+00) (0, 0, 0.00000000000000000000e+00) (0, 0, 0.00000000000000000000e+00) (10, 3, 5.00000000000000000000e-01) (10, 3, 5.00000000000000000000e-01) (0, 3, 0.00000000000000000000e+00) (3, 0, 5.00000000000000000000e-01) (0, 0, 0.00000000000000000000e+00) 
connections (connected_to_neuron, weight)=(0, -1.54540687799453735352e-01) (1, -1.78781673312187194824e-01) (2, -1.50901272892951965332e-01) (3, -2.05975562334060668945e-01) (4, -1.46021053194999694824e-01) (5, -2.16519206762313842773e-01) (6, -1.99430570006370544434e-01) (7, -1.80442258715629577637e-01) (8, -1.25716879963874816895e-01) (9, -6.71189501881599426270e-02) (0, -7.79772177338600158691e-02) (1, -1.73153460025787353516e-01) (2, -6.23383447527885437012e-02) (3, -1.49969577789306640625e-01) (4, -1.46589040756225585938e-01) (5, -1.56503692269325256348e-01) (6, -1.31987139582633972168e-01) (7, -6.02519735693931579590e-02) (8, -3.47965881228446960449e-02) (9, -1.19373120367527008057e-01) (10, 1.12101629376411437988e-01) (11, 4.26150932908058166504e-02) (12, 1.83918565511703491211e-01) 
