FANN_FLO_2.1
num_layers=3
learning_rate=0.100000
connection_rate=1.000000
network_type=0
learning_momentum=0.000000
training_algorithm=2
train_error_function=1
train_stop_function=0
cascade_output_change_fraction=0.010000
quickprop_decay=-0.000100
quickprop_mu=1.750000
rprop_increase_factor=1.200000
rprop_decrease_factor=0.500000
rprop_delta_min=0.000000
rprop_delta_max=50.000000
rprop_delta_zero=0.100000
cascade_output_stagnation_epochs=12
cascade_candidate_change_fraction=0.010000
cascade_candidate_stagnation_epochs=12
cascade_max_out_epochs=150
cascade_min_out_epochs=50
cascade_max_cand_epochs=150
cascade_min_cand_epochs=50
cascade_num_candidate_groups=2
bit_fail_limit=3.49999994039535522461e-01
cascade_candidate_limit=1.00000000000000000000e+03
cascade_weight_multiplier=4.00000005960464477539e-01
cascade_activation_functions_count=10
cascade_activation_functions=3 5 7 8 10 11 14 15 16 17 
cascade_activation_steepnesses_count=4
cascade_activation_steepnesses=2.50000000000000000000e-01 5.00000000000000000000e-01 7.50000000000000000000e-01 1.00000000000000000000e+00 
layer_sizes=10 3 2 
scale_included=0
neurons (num_inputs, activation_function, activation_steepness)=(0, 0, 0.00000000000000000000e+00) (0, 0, 0.00000000000000000000e+00) (0, 0, 0.00000000000000000000e+00) (0, 0, 0.00000000000000000000e+00) (0, 0, 0.00000000000000000000e+00) (0, 0, 0.00000000000000000000e+00) (0, 0, 0.00000000000000000000e+00) (0, 0, 0.00000000000000000000e+00) (0, 0, 0.00000000000000000000e+00) (0, 0, 0.00000000000000000000e+00) (10, 3, 5.00000000000000000000e-01) (10, 3, 5.00000000000000000000e-01) (0, 3, 0.00000000000000000000e+00) (3, 0, 5.00000000000000000000e-01) (0, 0, 0.00000000000000000000e+00) 
connections (connected_to_neuron, weight)=(0, 1.71985626220703125000e-01) (1, 1.14637322723865509033e-01) (2, 1.04057773947715759277e-01) (3, 9.03606116771697998047e-02) (4, 1.18758141994476318359e-01) (5, 1.79790139198303222656e-01) (6, 2.89584547281265258789e-02) (7, 1.56295090913772583008e-01) (8, 1.89767092466354370117e-01) (9, 1.25593453645706176758e-01) (0, -1.15618661046028137207e-01) (1, -6.96778222918510437012e-02) (2, -3.42942699790000915527e-02) (3, -6.71715959906578063965e-02) (4, -1.83707669377326965332e-01) (5, -1.98941409587860107422e-01) (6, -9.43758711218833923340e-02) (7, -1.37251466512680053711e-01) (8, -4.75475117564201354980e-02) (9, -4.66822311282157897949e-02) (10, 2.14680969715118408203e-01) (11, 8.25653895735740661621e-02) (12, 1.32149890065193176270e-01) 
