FANN_FLO_2.1
num_layers=3
learning_rate=0.100000
connection_rate=1.000000
network_type=0
learning_momentum=0.000000
training_algorithm=2
train_error_function=1
train_stop_function=0
cascade_output_change_fraction=0.010000
quickprop_decay=-0.000100
quickprop_mu=1.750000
rprop_increase_factor=1.200000
rprop_decrease_factor=0.500000
rprop_delta_min=0.000000
rprop_delta_max=50.000000
rprop_delta_zero=0.100000
cascade_output_stagnation_epochs=12
cascade_candidate_change_fraction=0.010000
cascade_candidate_stagnation_epochs=12
cascade_max_out_epochs=150
cascade_min_out_epochs=50
cascade_max_cand_epochs=150
cascade_min_cand_epochs=50
cascade_num_candidate_groups=2
bit_fail_limit=3.49999994039535522461e-01
cascade_candidate_limit=1.00000000000000000000e+03
cascade_weight_multiplier=4.00000005960464477539e-01
cascade_activation_functions_count=10
cascade_activation_functions=3 5 7 8 10 11 14 15 16 17 
cascade_activation_steepnesses_count=4
cascade_activation_steepnesses=2.50000000000000000000e-01 5.00000000000000000000e-01 7.50000000000000000000e-01 1.00000000000000000000e+00 
layer_sizes=19 3 3 
scale_included=0
neurons (num_inputs, activation_function, activation_steepness)=(0, 0, 0.00000000000000000000e+00) (0, 0, 0.00000000000000000000e+00) (0, 0, 0.00000000000000000000e+00) (0, 0, 0.00000000000000000000e+00) (0, 0, 0.00000000000000000000e+00) (0, 0, 0.00000000000000000000e+00) (0, 0, 0.00000000000000000000e+00) (0, 0, 0.00000000000000000000e+00) (0, 0, 0.00000000000000000000e+00) (0, 0, 0.00000000000000000000e+00) (0, 0, 0.00000000000000000000e+00) (0, 0, 0.00000000000000000000e+00) (0, 0, 0.00000000000000000000e+00) (0, 0, 0.00000000000000000000e+00) (0, 0, 0.00000000000000000000e+00) (0, 0, 0.00000000000000000000e+00) (0, 0, 0.00000000000000000000e+00) (0, 0, 0.00000000000000000000e+00) (0, 0, 0.00000000000000000000e+00) (19, 3, 5.00000000000000000000e-01) (19, 3, 5.00000000000000000000e-01) (0, 3, 0.00000000000000000000e+00) (3, 0, 5.00000000000000000000e-01) (3, 0, 5.00000000000000000000e-01) (0, 0, 0.00000000000000000000e+00) 
connections (connected_to_neuron, weight)=(0, -1.06637537479400634766e-01) (1, -4.39637377858161926270e-02) (2, -1.53004780411720275879e-01) (3, -1.46850660443305969238e-01) (4, -6.92454203963279724121e-02) (5, -1.13644145429134368896e-01) (6, -1.97453960776329040527e-01) (7, -1.29254832863807678223e-01) (8, -9.52621698379516601562e-02) (9, -7.98437520861625671387e-02) (10, -5.10026291012763977051e-02) (11, -1.03596448898315429688e-01) (12, -1.87861785292625427246e-01) (13, -1.40983819961547851562e-01) (14, -5.36087825894355773926e-02) (15, -1.09816633164882659912e-01) (16, -9.82408076524734497070e-02) (17, -1.98425039649009704590e-01) (18, -1.11022576689720153809e-01) (0, 1.83472990989685058594e-01) (1, 1.21493995189666748047e-01) (2, 3.15772742033004760742e-02) (3, 1.57537341117858886719e-01) (4, 1.10008843243122100830e-01) (5, 1.43109962344169616699e-01) (6, 4.18957769870758056641e-02) (7, 2.86357104778289794922e-02) (8, 4.16983813047409057617e-02) (9, 9.17143821716308593750e-02) (10, 9.25532206892967224121e-02) (11, 1.15615770220756530762e-01) (12, 2.05076843500137329102e-01) (13, 6.85894787311553955078e-02) (14, 1.82610988616943359375e-01) (15, 7.82261937856674194336e-02) (16, 2.19344049692153930664e-01) (17, 8.89668464660644531250e-02) (18, 1.00772239267826080322e-01) (19, 1.10089235007762908936e-01) (20, 2.13704705238342285156e-01) (21, 4.09284979104995727539e-02) (19, 7.90866017341613769531e-02) (20, 1.30108252167701721191e-01) (21, 7.30667114257812500000e-02) 
