FANN_FLO_2.1
num_layers=3
learning_rate=0.100000
connection_rate=1.000000
network_type=0
learning_momentum=0.000000
training_algorithm=2
train_error_function=1
train_stop_function=0
cascade_output_change_fraction=0.010000
quickprop_decay=-0.000100
quickprop_mu=1.750000
rprop_increase_factor=1.200000
rprop_decrease_factor=0.500000
rprop_delta_min=0.000000
rprop_delta_max=50.000000
rprop_delta_zero=0.100000
cascade_output_stagnation_epochs=12
cascade_candidate_change_fraction=0.010000
cascade_candidate_stagnation_epochs=12
cascade_max_out_epochs=150
cascade_min_out_epochs=50
cascade_max_cand_epochs=150
cascade_min_cand_epochs=50
cascade_num_candidate_groups=2
bit_fail_limit=3.49999994039535522461e-01
cascade_candidate_limit=1.00000000000000000000e+03
cascade_weight_multiplier=4.00000005960464477539e-01
cascade_activation_functions_count=10
cascade_activation_functions=3 5 7 8 10 11 14 15 16 17 
cascade_activation_steepnesses_count=4
cascade_activation_steepnesses=2.50000000000000000000e-01 5.00000000000000000000e-01 7.50000000000000000000e-01 1.00000000000000000000e+00 
layer_sizes=10 3 2 
scale_included=0
neurons (num_inputs, activation_function, activation_steepness)=(0, 0, 0.00000000000000000000e+00) (0, 0, 0.00000000000000000000e+00) (0, 0, 0.00000000000000000000e+00) (0, 0, 0.00000000000000000000e+00) (0, 0, 0.00000000000000000000e+00) (0, 0, 0.00000000000000000000e+00) (0, 0, 0.00000000000000000000e+00) (0, 0, 0.00000000000000000000e+00) (0, 0, 0.00000000000000000000e+00) (0, 0, 0.00000000000000000000e+00) (10, 3, 5.00000000000000000000e-01) (10, 3, 5.00000000000000000000e-01) (0, 3, 0.00000000000000000000e+00) (3, 0, 5.00000000000000000000e-01) (0, 0, 0.00000000000000000000e+00) 
connections (connected_to_neuron, weight)=(0, -1.71164646744728088379e-01) (1, -2.16789424419403076172e-01) (2, -2.19540789723396301270e-01) (3, -1.35930269956588745117e-01) (4, -6.79135397076606750488e-02) (5, -5.57743236422538757324e-02) (6, -2.14286684989929199219e-01) (7, -1.63749217987060546875e-01) (8, -1.25610828399658203125e-01) (9, -1.65254831314086914062e-01) (0, 7.04364702105522155762e-02) (1, 1.29740759730339050293e-01) (2, 1.71421617269515991211e-01) (3, 1.48305833339691162109e-01) (4, 1.24039553105831146240e-01) (5, 1.62313699722290039062e-01) (6, 1.00185960531234741211e-01) (7, 1.39930546283721923828e-01) (8, 1.97450041770935058594e-01) (9, 1.38155907392501831055e-01) (10, 2.15240120887756347656e-02) (11, 1.47503972053527832031e-01) (12, 1.56759381294250488281e-01) 
