FANN_FLO_2.1
num_layers=3
learning_rate=0.100000
connection_rate=1.000000
network_type=0
learning_momentum=0.000000
training_algorithm=2
train_error_function=1
train_stop_function=0
cascade_output_change_fraction=0.010000
quickprop_decay=-0.000100
quickprop_mu=1.750000
rprop_increase_factor=1.200000
rprop_decrease_factor=0.500000
rprop_delta_min=0.000000
rprop_delta_max=50.000000
rprop_delta_zero=0.100000
cascade_output_stagnation_epochs=12
cascade_candidate_change_fraction=0.010000
cascade_candidate_stagnation_epochs=12
cascade_max_out_epochs=150
cascade_min_out_epochs=50
cascade_max_cand_epochs=150
cascade_min_cand_epochs=50
cascade_num_candidate_groups=2
bit_fail_limit=3.49999994039535522461e-01
cascade_candidate_limit=1.00000000000000000000e+03
cascade_weight_multiplier=4.00000005960464477539e-01
cascade_activation_functions_count=10
cascade_activation_functions=3 5 7 8 10 11 14 15 16 17 
cascade_activation_steepnesses_count=4
cascade_activation_steepnesses=2.50000000000000000000e-01 5.00000000000000000000e-01 7.50000000000000000000e-01 1.00000000000000000000e+00 
layer_sizes=10 3 2 
scale_included=0
neurons (num_inputs, activation_function, activation_steepness)=(0, 0, 0.00000000000000000000e+00) (0, 0, 0.00000000000000000000e+00) (0, 0, 0.00000000000000000000e+00) (0, 0, 0.00000000000000000000e+00) (0, 0, 0.00000000000000000000e+00) (0, 0, 0.00000000000000000000e+00) (0, 0, 0.00000000000000000000e+00) (0, 0, 0.00000000000000000000e+00) (0, 0, 0.00000000000000000000e+00) (0, 0, 0.00000000000000000000e+00) (10, 3, 5.00000000000000000000e-01) (10, 3, 5.00000000000000000000e-01) (0, 3, 0.00000000000000000000e+00) (3, 0, 5.00000000000000000000e-01) (0, 0, 0.00000000000000000000e+00) 
connections (connected_to_neuron, weight)=(0, 1.62416636943817138672e-01) (1, 1.02280512452125549316e-01) (2, 1.54266715049743652344e-01) (3, 6.83943480253219604492e-02) (4, 1.22421242296695709229e-01) (5, 1.19227968156337738037e-01) (6, 1.54661297798156738281e-01) (7, 1.62595033645629882812e-01) (8, 2.10963815450668334961e-01) (9, 3.09148356318473815918e-02) (0, 7.87805840373039245605e-02) (1, 4.92775738239288330078e-02) (2, 8.57424959540367126465e-02) (3, 2.11086571216583251953e-01) (4, 1.09653778374195098877e-01) (5, 9.28487852215766906738e-02) (6, 1.33162721991539001465e-01) (7, 1.60577446222305297852e-01) (8, 2.01777696609497070312e-01) (9, 4.24881204962730407715e-02) (10, 1.60041093826293945312e-01) (11, 2.03344911336898803711e-01) (12, 4.75424155592918395996e-02) 
