FANN_FLO_2.1
num_layers=3
learning_rate=0.100000
connection_rate=1.000000
network_type=0
learning_momentum=0.000000
training_algorithm=2
train_error_function=1
train_stop_function=0
cascade_output_change_fraction=0.010000
quickprop_decay=-0.000100
quickprop_mu=1.750000
rprop_increase_factor=1.200000
rprop_decrease_factor=0.500000
rprop_delta_min=0.000000
rprop_delta_max=50.000000
rprop_delta_zero=0.100000
cascade_output_stagnation_epochs=12
cascade_candidate_change_fraction=0.010000
cascade_candidate_stagnation_epochs=12
cascade_max_out_epochs=150
cascade_min_out_epochs=50
cascade_max_cand_epochs=150
cascade_min_cand_epochs=50
cascade_num_candidate_groups=2
bit_fail_limit=3.49999994039535522461e-01
cascade_candidate_limit=1.00000000000000000000e+03
cascade_weight_multiplier=4.00000005960464477539e-01
cascade_activation_functions_count=10
cascade_activation_functions=3 5 7 8 10 11 14 15 16 17 
cascade_activation_steepnesses_count=4
cascade_activation_steepnesses=2.50000000000000000000e-01 5.00000000000000000000e-01 7.50000000000000000000e-01 1.00000000000000000000e+00 
layer_sizes=19 3 3 
scale_included=0
neurons (num_inputs, activation_function, activation_steepness)=(0, 0, 0.00000000000000000000e+00) (0, 0, 0.00000000000000000000e+00) (0, 0, 0.00000000000000000000e+00) (0, 0, 0.00000000000000000000e+00) (0, 0, 0.00000000000000000000e+00) (0, 0, 0.00000000000000000000e+00) (0, 0, 0.00000000000000000000e+00) (0, 0, 0.00000000000000000000e+00) (0, 0, 0.00000000000000000000e+00) (0, 0, 0.00000000000000000000e+00) (0, 0, 0.00000000000000000000e+00) (0, 0, 0.00000000000000000000e+00) (0, 0, 0.00000000000000000000e+00) (0, 0, 0.00000000000000000000e+00) (0, 0, 0.00000000000000000000e+00) (0, 0, 0.00000000000000000000e+00) (0, 0, 0.00000000000000000000e+00) (0, 0, 0.00000000000000000000e+00) (0, 0, 0.00000000000000000000e+00) (19, 3, 5.00000000000000000000e-01) (19, 3, 5.00000000000000000000e-01) (0, 3, 0.00000000000000000000e+00) (3, 0, 5.00000000000000000000e-01) (3, 0, 5.00000000000000000000e-01) (0, 0, 0.00000000000000000000e+00) 
connections (connected_to_neuron, weight)=(0, -1.53470754623413085938e-01) (1, -2.58876010775566101074e-02) (2, -2.41104289889335632324e-02) (3, -1.97982251644134521484e-01) (4, -1.44787043333053588867e-01) (5, -1.25160336494445800781e-01) (6, -1.93521156907081604004e-01) (7, -1.47910311818122863770e-01) (8, -1.04799196124076843262e-01) (9, -7.69612118601799011230e-02) (10, -2.14559093117713928223e-01) (11, -1.09577372670173645020e-01) (12, -7.99357667565345764160e-02) (13, -1.63322225213050842285e-01) (14, -1.54879897832870483398e-01) (15, -5.74278309941291809082e-02) (16, -2.19085365533828735352e-01) (17, -2.08404704928398132324e-01) (18, -6.68217614293098449707e-02) (0, -6.59224316477775573730e-02) (1, 2.08360940217971801758e-01) (2, 1.33114337921142578125e-01) (3, -1.30584120750427246094e-01) (4, 2.74268165230751037598e-02) (5, 5.14161735773086547852e-02) (6, 1.25278472900390625000e-01) (7, 3.78054827451705932617e-02) (8, 6.21868707239627838135e-02) (9, -3.04200425744056701660e-02) (10, -1.37118309736251831055e-01) (11, -1.72533154487609863281e-01) (12, 7.61092156171798706055e-02) (13, -1.43005907535552978516e-01) (14, -1.76643565297126770020e-01) (15, 9.81269627809524536133e-02) (16, 1.72207057476043701172e-01) (17, 1.58196121454238891602e-01) (18, 1.24605812132358551025e-01) (19, 4.42967563867568969727e-02) (20, 7.33969211578369140625e-02) (21, 6.76446110010147094727e-02) (19, 4.97376695275306701660e-02) (20, 1.83819562196731567383e-01) (21, 2.07708835601806640625e-01) 
