FANN_FLO_2.1
num_layers=3
learning_rate=0.100000
connection_rate=1.000000
network_type=0
learning_momentum=0.000000
training_algorithm=2
train_error_function=1
train_stop_function=0
cascade_output_change_fraction=0.010000
quickprop_decay=-0.000100
quickprop_mu=1.750000
rprop_increase_factor=1.200000
rprop_decrease_factor=0.500000
rprop_delta_min=0.000000
rprop_delta_max=50.000000
rprop_delta_zero=0.100000
cascade_output_stagnation_epochs=12
cascade_candidate_change_fraction=0.010000
cascade_candidate_stagnation_epochs=12
cascade_max_out_epochs=150
cascade_min_out_epochs=50
cascade_max_cand_epochs=150
cascade_min_cand_epochs=50
cascade_num_candidate_groups=2
bit_fail_limit=3.49999994039535522461e-01
cascade_candidate_limit=1.00000000000000000000e+03
cascade_weight_multiplier=4.00000005960464477539e-01
cascade_activation_functions_count=10
cascade_activation_functions=3 5 7 8 10 11 14 15 16 17 
cascade_activation_steepnesses_count=4
cascade_activation_steepnesses=2.50000000000000000000e-01 5.00000000000000000000e-01 7.50000000000000000000e-01 1.00000000000000000000e+00 
layer_sizes=10 3 2 
scale_included=0
neurons (num_inputs, activation_function, activation_steepness)=(0, 0, 0.00000000000000000000e+00) (0, 0, 0.00000000000000000000e+00) (0, 0, 0.00000000000000000000e+00) (0, 0, 0.00000000000000000000e+00) (0, 0, 0.00000000000000000000e+00) (0, 0, 0.00000000000000000000e+00) (0, 0, 0.00000000000000000000e+00) (0, 0, 0.00000000000000000000e+00) (0, 0, 0.00000000000000000000e+00) (0, 0, 0.00000000000000000000e+00) (10, 3, 5.00000000000000000000e-01) (10, 3, 5.00000000000000000000e-01) (0, 3, 0.00000000000000000000e+00) (3, 0, 5.00000000000000000000e-01) (0, 0, 0.00000000000000000000e+00) 
connections (connected_to_neuron, weight)=(0, -6.17447420954704284668e-02) (1, -2.46687307953834533691e-02) (2, -1.06084883213043212891e-01) (3, -1.12805582582950592041e-01) (4, -1.13652490079402923584e-01) (5, -1.48570835590362548828e-01) (6, -1.05732366442680358887e-01) (7, -1.38702511787414550781e-01) (8, -1.32914423942565917969e-01) (9, -6.43473342061042785645e-02) (0, -1.86935186386108398438e-01) (1, -7.29158148169517517090e-02) (2, -1.07414081692695617676e-01) (3, -8.96393880248069763184e-02) (4, -1.33420929312705993652e-01) (5, -3.18122580647468566895e-02) (6, -8.37415531277656555176e-02) (7, -1.40816956758499145508e-01) (8, -9.60592031478881835938e-02) (9, -5.09342625737190246582e-02) (10, 1.03178158402442932129e-01) (11, 2.71323174238204956055e-02) (12, 8.67893993854522705078e-02) 
