FANN_FLO_2.1
num_layers=3
learning_rate=0.100000
connection_rate=1.000000
network_type=0
learning_momentum=0.000000
training_algorithm=2
train_error_function=1
train_stop_function=0
cascade_output_change_fraction=0.010000
quickprop_decay=-0.000100
quickprop_mu=1.750000
rprop_increase_factor=1.200000
rprop_decrease_factor=0.500000
rprop_delta_min=0.000000
rprop_delta_max=50.000000
rprop_delta_zero=0.100000
cascade_output_stagnation_epochs=12
cascade_candidate_change_fraction=0.010000
cascade_candidate_stagnation_epochs=12
cascade_max_out_epochs=150
cascade_min_out_epochs=50
cascade_max_cand_epochs=150
cascade_min_cand_epochs=50
cascade_num_candidate_groups=2
bit_fail_limit=3.49999994039535522461e-01
cascade_candidate_limit=1.00000000000000000000e+03
cascade_weight_multiplier=4.00000005960464477539e-01
cascade_activation_functions_count=10
cascade_activation_functions=3 5 7 8 10 11 14 15 16 17 
cascade_activation_steepnesses_count=4
cascade_activation_steepnesses=2.50000000000000000000e-01 5.00000000000000000000e-01 7.50000000000000000000e-01 1.00000000000000000000e+00 
layer_sizes=10 3 2 
scale_included=0
neurons (num_inputs, activation_function, activation_steepness)=(0, 0, 0.00000000000000000000e+00) (0, 0, 0.00000000000000000000e+00) (0, 0, 0.00000000000000000000e+00) (0, 0, 0.00000000000000000000e+00) (0, 0, 0.00000000000000000000e+00) (0, 0, 0.00000000000000000000e+00) (0, 0, 0.00000000000000000000e+00) (0, 0, 0.00000000000000000000e+00) (0, 0, 0.00000000000000000000e+00) (0, 0, 0.00000000000000000000e+00) (10, 3, 5.00000000000000000000e-01) (10, 3, 5.00000000000000000000e-01) (0, 3, 0.00000000000000000000e+00) (3, 0, 5.00000000000000000000e-01) (0, 0, 0.00000000000000000000e+00) 
connections (connected_to_neuron, weight)=(0, -4.52701374888420104980e-02) (1, -1.47308319807052612305e-01) (2, -2.10244253277778625488e-01) (3, -2.17333257198333740234e-01) (4, -1.98791533708572387695e-01) (5, -1.40792995691299438477e-01) (6, -2.13433653116226196289e-01) (7, -5.15821054577827453613e-02) (8, -8.46615061163902282715e-02) (9, -6.04322329163551330566e-02) (0, 4.47016581892967224121e-02) (1, 1.85686230659484863281e-01) (2, 1.09606541693210601807e-01) (3, 7.13214278221130371094e-02) (4, 2.13223338127136230469e-01) (5, 1.82042509317398071289e-01) (6, 1.12109243869781494141e-01) (7, 1.45658612251281738281e-01) (8, 4.13181334733963012695e-02) (9, 7.33238011598587036133e-02) (10, 8.53325799107551574707e-02) (11, 1.87071293592453002930e-01) (12, 8.40118527412414550781e-02) 
