FANN_FLO_2.1
num_layers=3
learning_rate=0.100000
connection_rate=1.000000
network_type=0
learning_momentum=0.000000
training_algorithm=2
train_error_function=1
train_stop_function=0
cascade_output_change_fraction=0.010000
quickprop_decay=-0.000100
quickprop_mu=1.750000
rprop_increase_factor=1.200000
rprop_decrease_factor=0.500000
rprop_delta_min=0.000000
rprop_delta_max=50.000000
rprop_delta_zero=0.100000
cascade_output_stagnation_epochs=12
cascade_candidate_change_fraction=0.010000
cascade_candidate_stagnation_epochs=12
cascade_max_out_epochs=150
cascade_min_out_epochs=50
cascade_max_cand_epochs=150
cascade_min_cand_epochs=50
cascade_num_candidate_groups=2
bit_fail_limit=3.49999994039535522461e-01
cascade_candidate_limit=1.00000000000000000000e+03
cascade_weight_multiplier=4.00000005960464477539e-01
cascade_activation_functions_count=10
cascade_activation_functions=3 5 7 8 10 11 14 15 16 17 
cascade_activation_steepnesses_count=4
cascade_activation_steepnesses=2.50000000000000000000e-01 5.00000000000000000000e-01 7.50000000000000000000e-01 1.00000000000000000000e+00 
layer_sizes=10 3 2 
scale_included=0
neurons (num_inputs, activation_function, activation_steepness)=(0, 0, 0.00000000000000000000e+00) (0, 0, 0.00000000000000000000e+00) (0, 0, 0.00000000000000000000e+00) (0, 0, 0.00000000000000000000e+00) (0, 0, 0.00000000000000000000e+00) (0, 0, 0.00000000000000000000e+00) (0, 0, 0.00000000000000000000e+00) (0, 0, 0.00000000000000000000e+00) (0, 0, 0.00000000000000000000e+00) (0, 0, 0.00000000000000000000e+00) (10, 3, 5.00000000000000000000e-01) (10, 3, 5.00000000000000000000e-01) (0, 3, 0.00000000000000000000e+00) (3, 0, 5.00000000000000000000e-01) (0, 0, 0.00000000000000000000e+00) 
connections (connected_to_neuron, weight)=(0, -4.07057926058769226074e-02) (1, -1.72909051179885864258e-01) (2, -1.96397691965103149414e-01) (3, -1.08262203633785247803e-01) (4, -5.65580800175666809082e-02) (5, -6.61543831229209899902e-02) (6, -1.78558826446533203125e-01) (7, -1.21752716600894927979e-01) (8, -2.01950952410697937012e-01) (9, -1.46876946091651916504e-01) (0, -7.07947090268135070801e-02) (1, -1.00867092609405517578e-01) (2, -1.33503422141075134277e-01) (3, -2.64737531542778015137e-02) (4, -1.82999402284622192383e-01) (5, -2.01412215828895568848e-02) (6, -1.00154675543308258057e-01) (7, -1.85146510601043701172e-01) (8, -1.18250094354152679443e-01) (9, -9.59263667464256286621e-02) (10, 3.59198898077011108398e-02) (11, 8.57095867395401000977e-02) (12, 7.97046571969985961914e-02) 
