FANN_FLO_2.1
num_layers=3
learning_rate=0.100000
connection_rate=1.000000
network_type=0
learning_momentum=0.000000
training_algorithm=2
train_error_function=1
train_stop_function=0
cascade_output_change_fraction=0.010000
quickprop_decay=-0.000100
quickprop_mu=1.750000
rprop_increase_factor=1.200000
rprop_decrease_factor=0.500000
rprop_delta_min=0.000000
rprop_delta_max=50.000000
rprop_delta_zero=0.100000
cascade_output_stagnation_epochs=12
cascade_candidate_change_fraction=0.010000
cascade_candidate_stagnation_epochs=12
cascade_max_out_epochs=150
cascade_min_out_epochs=50
cascade_max_cand_epochs=150
cascade_min_cand_epochs=50
cascade_num_candidate_groups=2
bit_fail_limit=3.49999994039535522461e-01
cascade_candidate_limit=1.00000000000000000000e+03
cascade_weight_multiplier=4.00000005960464477539e-01
cascade_activation_functions_count=10
cascade_activation_functions=3 5 7 8 10 11 14 15 16 17 
cascade_activation_steepnesses_count=4
cascade_activation_steepnesses=2.50000000000000000000e-01 5.00000000000000000000e-01 7.50000000000000000000e-01 1.00000000000000000000e+00 
layer_sizes=10 3 2 
scale_included=0
neurons (num_inputs, activation_function, activation_steepness)=(0, 0, 0.00000000000000000000e+00) (0, 0, 0.00000000000000000000e+00) (0, 0, 0.00000000000000000000e+00) (0, 0, 0.00000000000000000000e+00) (0, 0, 0.00000000000000000000e+00) (0, 0, 0.00000000000000000000e+00) (0, 0, 0.00000000000000000000e+00) (0, 0, 0.00000000000000000000e+00) (0, 0, 0.00000000000000000000e+00) (0, 0, 0.00000000000000000000e+00) (10, 3, 5.00000000000000000000e-01) (10, 3, 5.00000000000000000000e-01) (0, 3, 0.00000000000000000000e+00) (3, 0, 5.00000000000000000000e-01) (0, 0, 0.00000000000000000000e+00) 
connections (connected_to_neuron, weight)=(0, -7.23890736699104309082e-02) (1, -6.36732056736946105957e-02) (2, -1.27604365348815917969e-01) (3, -7.33115896582603454590e-02) (4, -1.53972193598747253418e-01) (5, -9.88820195198059082031e-02) (6, -3.08879390358924865723e-02) (7, -7.19053670763969421387e-02) (8, -1.13094910979270935059e-01) (9, -6.79912343621253967285e-02) (0, -1.96759432554244995117e-01) (1, -1.82436734437942504883e-01) (2, -1.08596444129943847656e-01) (3, -1.20299533009529113770e-01) (4, -5.87475821375846862793e-02) (5, -2.13050767779350280762e-02) (6, -1.54507815837860107422e-01) (7, -6.23083487153053283691e-02) (8, -1.99350714683532714844e-01) (9, -3.58348265290260314941e-02) (10, 9.82641428709030151367e-02) (11, 4.41207066178321838379e-02) (12, 1.05068996548652648926e-01) 
