FANN_FLO_2.1
num_layers=3
learning_rate=0.100000
connection_rate=1.000000
network_type=0
learning_momentum=0.000000
training_algorithm=2
train_error_function=1
train_stop_function=0
cascade_output_change_fraction=0.010000
quickprop_decay=-0.000100
quickprop_mu=1.750000
rprop_increase_factor=1.200000
rprop_decrease_factor=0.500000
rprop_delta_min=0.000000
rprop_delta_max=50.000000
rprop_delta_zero=0.100000
cascade_output_stagnation_epochs=12
cascade_candidate_change_fraction=0.010000
cascade_candidate_stagnation_epochs=12
cascade_max_out_epochs=150
cascade_min_out_epochs=50
cascade_max_cand_epochs=150
cascade_min_cand_epochs=50
cascade_num_candidate_groups=2
bit_fail_limit=3.49999994039535522461e-01
cascade_candidate_limit=1.00000000000000000000e+03
cascade_weight_multiplier=4.00000005960464477539e-01
cascade_activation_functions_count=10
cascade_activation_functions=3 5 7 8 10 11 14 15 16 17 
cascade_activation_steepnesses_count=4
cascade_activation_steepnesses=2.50000000000000000000e-01 5.00000000000000000000e-01 7.50000000000000000000e-01 1.00000000000000000000e+00 
layer_sizes=19 3 3 
scale_included=0
neurons (num_inputs, activation_function, activation_steepness)=(0, 0, 0.00000000000000000000e+00) (0, 0, 0.00000000000000000000e+00) (0, 0, 0.00000000000000000000e+00) (0, 0, 0.00000000000000000000e+00) (0, 0, 0.00000000000000000000e+00) (0, 0, 0.00000000000000000000e+00) (0, 0, 0.00000000000000000000e+00) (0, 0, 0.00000000000000000000e+00) (0, 0, 0.00000000000000000000e+00) (0, 0, 0.00000000000000000000e+00) (0, 0, 0.00000000000000000000e+00) (0, 0, 0.00000000000000000000e+00) (0, 0, 0.00000000000000000000e+00) (0, 0, 0.00000000000000000000e+00) (0, 0, 0.00000000000000000000e+00) (0, 0, 0.00000000000000000000e+00) (0, 0, 0.00000000000000000000e+00) (0, 0, 0.00000000000000000000e+00) (0, 0, 0.00000000000000000000e+00) (19, 3, 5.00000000000000000000e-01) (19, 3, 5.00000000000000000000e-01) (0, 3, 0.00000000000000000000e+00) (3, 0, 5.00000000000000000000e-01) (3, 0, 5.00000000000000000000e-01) (0, 0, 0.00000000000000000000e+00) 
connections (connected_to_neuron, weight)=(0, 8.99177342653274536133e-02) (1, 9.26540270447731018066e-02) (2, 2.02333331108093261719e-01) (3, 1.09419211745262145996e-01) (4, 1.55398547649383544922e-01) (5, 1.28336519002914428711e-01) (6, 1.94747954607009887695e-01) (7, 2.19422340393066406250e-01) (8, 3.14910784363746643066e-02) (9, 1.31729274988174438477e-01) (10, 2.82901376485824584961e-02) (11, 6.85869753360748291016e-02) (12, 1.97824895381927490234e-01) (13, 1.33713647723197937012e-01) (14, 2.81345620751380920410e-02) (15, 1.27425104379653930664e-01) (16, 1.68620139360427856445e-01) (17, 9.31679755449295043945e-02) (18, 7.11298137903213500977e-02) (0, -1.85538515448570251465e-01) (1, 1.55479311943054199219e-01) (2, -9.46502014994621276855e-02) (3, -6.28760978579521179199e-02) (4, -1.69626995921134948730e-01) (5, 1.39203965663909912109e-01) (6, -1.82498738169670104980e-01) (7, 7.72027298808097839355e-02) (8, -1.15156270563602447510e-01) (9, -5.93220070004463195801e-02) (10, -9.94087830185890197754e-02) (11, 9.55571532249450683594e-02) (12, 5.05957230925559997559e-02) (13, 2.13245242834091186523e-01) (14, -1.62109553813934326172e-01) (15, -9.99850779771804809570e-02) (16, 1.48643791675567626953e-01) (17, 1.86226963996887207031e-01) (18, -1.25237107276916503906e-01) (19, 1.48066133260726928711e-01) (20, 1.97718054056167602539e-01) (21, 2.64921635389328002930e-02) (19, 1.56356275081634521484e-01) (20, 4.63050082325935363770e-02) (21, 2.04317063093185424805e-01) 
