FANN_FLO_2.1
num_layers=3
learning_rate=0.100000
connection_rate=1.000000
network_type=0
learning_momentum=0.000000
training_algorithm=2
train_error_function=1
train_stop_function=0
cascade_output_change_fraction=0.010000
quickprop_decay=-0.000100
quickprop_mu=1.750000
rprop_increase_factor=1.200000
rprop_decrease_factor=0.500000
rprop_delta_min=0.000000
rprop_delta_max=50.000000
rprop_delta_zero=0.100000
cascade_output_stagnation_epochs=12
cascade_candidate_change_fraction=0.010000
cascade_candidate_stagnation_epochs=12
cascade_max_out_epochs=150
cascade_min_out_epochs=50
cascade_max_cand_epochs=150
cascade_min_cand_epochs=50
cascade_num_candidate_groups=2
bit_fail_limit=3.49999994039535522461e-01
cascade_candidate_limit=1.00000000000000000000e+03
cascade_weight_multiplier=4.00000005960464477539e-01
cascade_activation_functions_count=10
cascade_activation_functions=3 5 7 8 10 11 14 15 16 17 
cascade_activation_steepnesses_count=4
cascade_activation_steepnesses=2.50000000000000000000e-01 5.00000000000000000000e-01 7.50000000000000000000e-01 1.00000000000000000000e+00 
layer_sizes=19 3 3 
scale_included=0
neurons (num_inputs, activation_function, activation_steepness)=(0, 0, 0.00000000000000000000e+00) (0, 0, 0.00000000000000000000e+00) (0, 0, 0.00000000000000000000e+00) (0, 0, 0.00000000000000000000e+00) (0, 0, 0.00000000000000000000e+00) (0, 0, 0.00000000000000000000e+00) (0, 0, 0.00000000000000000000e+00) (0, 0, 0.00000000000000000000e+00) (0, 0, 0.00000000000000000000e+00) (0, 0, 0.00000000000000000000e+00) (0, 0, 0.00000000000000000000e+00) (0, 0, 0.00000000000000000000e+00) (0, 0, 0.00000000000000000000e+00) (0, 0, 0.00000000000000000000e+00) (0, 0, 0.00000000000000000000e+00) (0, 0, 0.00000000000000000000e+00) (0, 0, 0.00000000000000000000e+00) (0, 0, 0.00000000000000000000e+00) (0, 0, 0.00000000000000000000e+00) (19, 3, 5.00000000000000000000e-01) (19, 3, 5.00000000000000000000e-01) (0, 3, 0.00000000000000000000e+00) (3, 0, 5.00000000000000000000e-01) (3, 0, 5.00000000000000000000e-01) (0, 0, 0.00000000000000000000e+00) 
connections (connected_to_neuron, weight)=(0, -8.72622057795524597168e-02) (1, -3.86942848563194274902e-02) (2, -6.92888423800468444824e-02) (3, -1.86545774340629577637e-01) (4, -3.88753935694694519043e-02) (5, -6.99243620038032531738e-02) (6, -3.44167128205299377441e-02) (7, -2.06193178892135620117e-01) (8, -2.12054774165153503418e-02) (9, -5.73565438389778137207e-02) (10, -1.44557461142539978027e-01) (11, -5.44068142771720886230e-02) (12, -2.02749550342559814453e-01) (13, -8.93403515219688415527e-02) (14, -1.54549360275268554688e-01) (15, -1.14861145615577697754e-01) (16, -9.03976485133171081543e-02) (17, -1.45004346966743469238e-01) (18, -1.93106859922409057617e-01) (0, 1.92161262035369873047e-01) (1, 1.26709252595901489258e-01) (2, 1.50782823562622070312e-01) (3, 6.12484365701675415039e-02) (4, 3.39043140411376953125e-02) (5, 1.32152304053306579590e-01) (6, 1.38762354850769042969e-01) (7, 8.08571204543113708496e-02) (8, 1.76539778709411621094e-01) (9, 6.75103962421417236328e-02) (10, 1.00477434694766998291e-01) (11, 6.97954744100570678711e-02) (12, 2.00248181819915771484e-01) (13, 8.17831456661224365234e-02) (14, 2.05066278576850891113e-02) (15, 3.37024182081222534180e-02) (16, 6.29077702760696411133e-02) (17, 1.70582264661788940430e-01) (18, 2.19285726547241210938e-01) (19, 7.67145976424217224121e-02) (20, 1.69376790523529052734e-01) (21, 1.81929171085357666016e-01) (19, 1.52157127857208251953e-01) (20, 1.34969979524612426758e-01) (21, 1.99179649353027343750e-01) 
