FANN_FLO_2.1
num_layers=3
learning_rate=0.100000
connection_rate=1.000000
network_type=0
learning_momentum=0.000000
training_algorithm=2
train_error_function=1
train_stop_function=0
cascade_output_change_fraction=0.010000
quickprop_decay=-0.000100
quickprop_mu=1.750000
rprop_increase_factor=1.200000
rprop_decrease_factor=0.500000
rprop_delta_min=0.000000
rprop_delta_max=50.000000
rprop_delta_zero=0.100000
cascade_output_stagnation_epochs=12
cascade_candidate_change_fraction=0.010000
cascade_candidate_stagnation_epochs=12
cascade_max_out_epochs=150
cascade_min_out_epochs=50
cascade_max_cand_epochs=150
cascade_min_cand_epochs=50
cascade_num_candidate_groups=2
bit_fail_limit=3.49999994039535522461e-01
cascade_candidate_limit=1.00000000000000000000e+03
cascade_weight_multiplier=4.00000005960464477539e-01
cascade_activation_functions_count=10
cascade_activation_functions=3 5 7 8 10 11 14 15 16 17 
cascade_activation_steepnesses_count=4
cascade_activation_steepnesses=2.50000000000000000000e-01 5.00000000000000000000e-01 7.50000000000000000000e-01 1.00000000000000000000e+00 
layer_sizes=10 3 2 
scale_included=0
neurons (num_inputs, activation_function, activation_steepness)=(0, 0, 0.00000000000000000000e+00) (0, 0, 0.00000000000000000000e+00) (0, 0, 0.00000000000000000000e+00) (0, 0, 0.00000000000000000000e+00) (0, 0, 0.00000000000000000000e+00) (0, 0, 0.00000000000000000000e+00) (0, 0, 0.00000000000000000000e+00) (0, 0, 0.00000000000000000000e+00) (0, 0, 0.00000000000000000000e+00) (0, 0, 0.00000000000000000000e+00) (10, 3, 5.00000000000000000000e-01) (10, 3, 5.00000000000000000000e-01) (0, 3, 0.00000000000000000000e+00) (3, 0, 5.00000000000000000000e-01) (0, 0, 0.00000000000000000000e+00) 
connections (connected_to_neuron, weight)=(0, 2.16774404048919677734e-01) (1, 7.39855766296386718750e-02) (2, 2.13233321905136108398e-01) (3, 1.70932620763778686523e-01) (4, 2.84661203622817993164e-02) (5, 5.51943033933639526367e-02) (6, 1.13199733197689056396e-01) (7, 1.40962794423103332520e-01) (8, 8.96311700344085693359e-02) (9, 6.68735802173614501953e-02) (0, -1.80849492549896240234e-01) (1, -1.40415966510772705078e-01) (2, -1.44356787204742431641e-01) (3, -2.29147002100944519043e-02) (4, -1.49914786219596862793e-01) (5, -7.83556476235389709473e-02) (6, -8.72582718729972839355e-02) (7, -7.41449519991874694824e-02) (8, -5.06992116570472717285e-02) (9, -1.00336015224456787109e-01) (10, 2.10812181234359741211e-01) (11, 5.96939623355865478516e-02) (12, 1.90921783447265625000e-01) 
