FANN_FLO_2.1
num_layers=3
learning_rate=0.100000
connection_rate=1.000000
network_type=0
learning_momentum=0.000000
training_algorithm=2
train_error_function=1
train_stop_function=0
cascade_output_change_fraction=0.010000
quickprop_decay=-0.000100
quickprop_mu=1.750000
rprop_increase_factor=1.200000
rprop_decrease_factor=0.500000
rprop_delta_min=0.000000
rprop_delta_max=50.000000
rprop_delta_zero=0.100000
cascade_output_stagnation_epochs=12
cascade_candidate_change_fraction=0.010000
cascade_candidate_stagnation_epochs=12
cascade_max_out_epochs=150
cascade_min_out_epochs=50
cascade_max_cand_epochs=150
cascade_min_cand_epochs=50
cascade_num_candidate_groups=2
bit_fail_limit=3.49999994039535522461e-01
cascade_candidate_limit=1.00000000000000000000e+03
cascade_weight_multiplier=4.00000005960464477539e-01
cascade_activation_functions_count=10
cascade_activation_functions=3 5 7 8 10 11 14 15 16 17 
cascade_activation_steepnesses_count=4
cascade_activation_steepnesses=2.50000000000000000000e-01 5.00000000000000000000e-01 7.50000000000000000000e-01 1.00000000000000000000e+00 
layer_sizes=19 3 3 
scale_included=0
neurons (num_inputs, activation_function, activation_steepness)=(0, 0, 0.00000000000000000000e+00) (0, 0, 0.00000000000000000000e+00) (0, 0, 0.00000000000000000000e+00) (0, 0, 0.00000000000000000000e+00) (0, 0, 0.00000000000000000000e+00) (0, 0, 0.00000000000000000000e+00) (0, 0, 0.00000000000000000000e+00) (0, 0, 0.00000000000000000000e+00) (0, 0, 0.00000000000000000000e+00) (0, 0, 0.00000000000000000000e+00) (0, 0, 0.00000000000000000000e+00) (0, 0, 0.00000000000000000000e+00) (0, 0, 0.00000000000000000000e+00) (0, 0, 0.00000000000000000000e+00) (0, 0, 0.00000000000000000000e+00) (0, 0, 0.00000000000000000000e+00) (0, 0, 0.00000000000000000000e+00) (0, 0, 0.00000000000000000000e+00) (0, 0, 0.00000000000000000000e+00) (19, 3, 5.00000000000000000000e-01) (19, 3, 5.00000000000000000000e-01) (0, 3, 0.00000000000000000000e+00) (3, 0, 5.00000000000000000000e-01) (3, 0, 5.00000000000000000000e-01) (0, 0, 0.00000000000000000000e+00) 
connections (connected_to_neuron, weight)=(0, 1.24589048326015472412e-01) (1, 4.41631600260734558105e-02) (2, 1.38952910900115966797e-01) (3, 1.78330838680267333984e-01) (4, 2.73526161909103393555e-02) (5, 1.16062127053737640381e-01) (6, 2.67686769366264343262e-02) (7, 2.14626252651214599609e-01) (8, 1.36267036199569702148e-01) (9, 2.08954900503158569336e-01) (10, 1.73175334930419921875e-01) (11, 1.42051115632057189941e-01) (12, 1.19614914059638977051e-01) (13, 2.39835232496261596680e-02) (14, 7.89545029401779174805e-02) (15, 5.12680858373641967773e-02) (16, 8.61391723155975341797e-02) (17, 7.30255544185638427734e-02) (18, 1.18631109595298767090e-01) (0, -8.91998186707496643066e-02) (1, -3.03218588232994079590e-02) (2, -8.51662829518318176270e-02) (3, -9.08977165818214416504e-02) (4, -2.07173347473144531250e-01) (5, -9.20811668038368225098e-02) (6, 1.35371834039688110352e-01) (7, -1.57958298921585083008e-01) (8, -3.21348085999488830566e-02) (9, -1.23179838061332702637e-01) (10, -9.77564901113510131836e-02) (11, -2.07796156406402587891e-01) (12, -2.18590795993804931641e-01) (13, -7.35933408141136169434e-02) (14, 1.51156753301620483398e-01) (15, -6.02599605917930603027e-02) (16, -6.62407204508781433105e-02) (17, -1.92781120538711547852e-01) (18, -5.34912869334220886230e-02) (19, 1.68385535478591918945e-01) (20, 1.63485914468765258789e-01) (21, 1.75463616847991943359e-01) (19, 1.21560886502265930176e-01) (20, 8.55370312929153442383e-02) (21, 7.50785171985626220703e-02) 
