FANN_FLO_2.1
num_layers=3
learning_rate=0.100000
connection_rate=1.000000
network_type=0
learning_momentum=0.000000
training_algorithm=2
train_error_function=1
train_stop_function=0
cascade_output_change_fraction=0.010000
quickprop_decay=-0.000100
quickprop_mu=1.750000
rprop_increase_factor=1.200000
rprop_decrease_factor=0.500000
rprop_delta_min=0.000000
rprop_delta_max=50.000000
rprop_delta_zero=0.100000
cascade_output_stagnation_epochs=12
cascade_candidate_change_fraction=0.010000
cascade_candidate_stagnation_epochs=12
cascade_max_out_epochs=150
cascade_min_out_epochs=50
cascade_max_cand_epochs=150
cascade_min_cand_epochs=50
cascade_num_candidate_groups=2
bit_fail_limit=3.49999994039535522461e-01
cascade_candidate_limit=1.00000000000000000000e+03
cascade_weight_multiplier=4.00000005960464477539e-01
cascade_activation_functions_count=10
cascade_activation_functions=3 5 7 8 10 11 14 15 16 17 
cascade_activation_steepnesses_count=4
cascade_activation_steepnesses=2.50000000000000000000e-01 5.00000000000000000000e-01 7.50000000000000000000e-01 1.00000000000000000000e+00 
layer_sizes=10 3 2 
scale_included=0
neurons (num_inputs, activation_function, activation_steepness)=(0, 0, 0.00000000000000000000e+00) (0, 0, 0.00000000000000000000e+00) (0, 0, 0.00000000000000000000e+00) (0, 0, 0.00000000000000000000e+00) (0, 0, 0.00000000000000000000e+00) (0, 0, 0.00000000000000000000e+00) (0, 0, 0.00000000000000000000e+00) (0, 0, 0.00000000000000000000e+00) (0, 0, 0.00000000000000000000e+00) (0, 0, 0.00000000000000000000e+00) (10, 3, 5.00000000000000000000e-01) (10, 3, 5.00000000000000000000e-01) (0, 3, 0.00000000000000000000e+00) (3, 0, 5.00000000000000000000e-01) (0, 0, 0.00000000000000000000e+00) 
connections (connected_to_neuron, weight)=(0, -2.05954283475875854492e-01) (1, -9.29868891835212707520e-02) (2, -1.25792562961578369141e-01) (3, -1.01980865001678466797e-01) (4, -5.03821447491645812988e-02) (5, -1.12797178328037261963e-01) (6, -2.05939278006553649902e-01) (7, -1.82582005858421325684e-01) (8, -2.09978386759757995605e-01) (9, -1.92583173513412475586e-01) (0, 1.91183716058731079102e-01) (1, 9.56757962703704833984e-02) (2, 2.02117919921875000000e-01) (3, 6.55095726251602172852e-02) (4, 1.34152323007583618164e-01) (5, 1.14196173846721649170e-01) (6, 1.42383366823196411133e-01) (7, 1.42405718564987182617e-01) (8, 1.03201158344745635986e-01) (9, 1.81356698274612426758e-01) (10, 3.82468923926353454590e-02) (11, 2.19329744577407836914e-01) (12, 2.02077299356460571289e-01) 
