FANN_FLO_2.1
num_layers=3
learning_rate=0.100000
connection_rate=1.000000
network_type=0
learning_momentum=0.000000
training_algorithm=2
train_error_function=1
train_stop_function=0
cascade_output_change_fraction=0.010000
quickprop_decay=-0.000100
quickprop_mu=1.750000
rprop_increase_factor=1.200000
rprop_decrease_factor=0.500000
rprop_delta_min=0.000000
rprop_delta_max=50.000000
rprop_delta_zero=0.100000
cascade_output_stagnation_epochs=12
cascade_candidate_change_fraction=0.010000
cascade_candidate_stagnation_epochs=12
cascade_max_out_epochs=150
cascade_min_out_epochs=50
cascade_max_cand_epochs=150
cascade_min_cand_epochs=50
cascade_num_candidate_groups=2
bit_fail_limit=3.49999994039535522461e-01
cascade_candidate_limit=1.00000000000000000000e+03
cascade_weight_multiplier=4.00000005960464477539e-01
cascade_activation_functions_count=10
cascade_activation_functions=3 5 7 8 10 11 14 15 16 17 
cascade_activation_steepnesses_count=4
cascade_activation_steepnesses=2.50000000000000000000e-01 5.00000000000000000000e-01 7.50000000000000000000e-01 1.00000000000000000000e+00 
layer_sizes=19 3 3 
scale_included=0
neurons (num_inputs, activation_function, activation_steepness)=(0, 0, 0.00000000000000000000e+00) (0, 0, 0.00000000000000000000e+00) (0, 0, 0.00000000000000000000e+00) (0, 0, 0.00000000000000000000e+00) (0, 0, 0.00000000000000000000e+00) (0, 0, 0.00000000000000000000e+00) (0, 0, 0.00000000000000000000e+00) (0, 0, 0.00000000000000000000e+00) (0, 0, 0.00000000000000000000e+00) (0, 0, 0.00000000000000000000e+00) (0, 0, 0.00000000000000000000e+00) (0, 0, 0.00000000000000000000e+00) (0, 0, 0.00000000000000000000e+00) (0, 0, 0.00000000000000000000e+00) (0, 0, 0.00000000000000000000e+00) (0, 0, 0.00000000000000000000e+00) (0, 0, 0.00000000000000000000e+00) (0, 0, 0.00000000000000000000e+00) (0, 0, 0.00000000000000000000e+00) (19, 3, 5.00000000000000000000e-01) (19, 3, 5.00000000000000000000e-01) (0, 3, 0.00000000000000000000e+00) (3, 0, 5.00000000000000000000e-01) (3, 0, 5.00000000000000000000e-01) (0, 0, 0.00000000000000000000e+00) 
connections (connected_to_neuron, weight)=(0, -1.03830732405185699463e-01) (1, -1.22223466634750366211e-01) (2, -4.96724769473075866699e-02) (3, -2.97496989369392395020e-02) (4, -8.85991826653480529785e-02) (5, -1.06213927268981933594e-01) (6, -4.64646592736244201660e-02) (7, -2.08810776472091674805e-01) (8, -1.57573968172073364258e-01) (9, -1.67122751474380493164e-01) (10, -9.13521572947502136230e-02) (11, -4.59960177540779113770e-02) (12, -8.05812999606132507324e-02) (13, -4.20466437935829162598e-02) (14, -2.06830516457557678223e-01) (15, -1.71475231647491455078e-01) (16, -6.83883354067802429199e-02) (17, -1.35843455791473388672e-01) (18, -1.50077939033508300781e-01) (0, -6.07245638966560363770e-02) (1, -1.93822756409645080566e-01) (2, -8.12352821230888366699e-02) (3, -1.54715001583099365234e-01) (4, -9.26467105746269226074e-02) (5, -1.47410273551940917969e-01) (6, -3.49235460162162780762e-02) (7, -1.96843788027763366699e-01) (8, -7.89101496338844299316e-02) (9, -1.50270998477935791016e-01) (10, -2.36805155873298645020e-02) (11, -1.10685288906097412109e-01) (12, -3.41017171740531921387e-02) (13, -1.25903993844985961914e-01) (14, -1.40357762575149536133e-01) (15, -4.38514277338981628418e-02) (16, -1.94503173232078552246e-01) (17, -2.65716835856437683105e-02) (18, -7.03160837292671203613e-02) (19, 5.66860660910606384277e-02) (20, 7.58543536067008972168e-02) (21, 2.25611850619316101074e-02) (19, 1.85333907604217529297e-01) (20, 4.98583465814590454102e-02) (21, 1.61979883909225463867e-01) 
