FANN_FLO_2.1
num_layers=3
learning_rate=0.100000
connection_rate=1.000000
network_type=0
learning_momentum=0.000000
training_algorithm=2
train_error_function=1
train_stop_function=0
cascade_output_change_fraction=0.010000
quickprop_decay=-0.000100
quickprop_mu=1.750000
rprop_increase_factor=1.200000
rprop_decrease_factor=0.500000
rprop_delta_min=0.000000
rprop_delta_max=50.000000
rprop_delta_zero=0.100000
cascade_output_stagnation_epochs=12
cascade_candidate_change_fraction=0.010000
cascade_candidate_stagnation_epochs=12
cascade_max_out_epochs=150
cascade_min_out_epochs=50
cascade_max_cand_epochs=150
cascade_min_cand_epochs=50
cascade_num_candidate_groups=2
bit_fail_limit=3.49999994039535522461e-01
cascade_candidate_limit=1.00000000000000000000e+03
cascade_weight_multiplier=4.00000005960464477539e-01
cascade_activation_functions_count=10
cascade_activation_functions=3 5 7 8 10 11 14 15 16 17 
cascade_activation_steepnesses_count=4
cascade_activation_steepnesses=2.50000000000000000000e-01 5.00000000000000000000e-01 7.50000000000000000000e-01 1.00000000000000000000e+00 
layer_sizes=19 3 3 
scale_included=0
neurons (num_inputs, activation_function, activation_steepness)=(0, 0, 0.00000000000000000000e+00) (0, 0, 0.00000000000000000000e+00) (0, 0, 0.00000000000000000000e+00) (0, 0, 0.00000000000000000000e+00) (0, 0, 0.00000000000000000000e+00) (0, 0, 0.00000000000000000000e+00) (0, 0, 0.00000000000000000000e+00) (0, 0, 0.00000000000000000000e+00) (0, 0, 0.00000000000000000000e+00) (0, 0, 0.00000000000000000000e+00) (0, 0, 0.00000000000000000000e+00) (0, 0, 0.00000000000000000000e+00) (0, 0, 0.00000000000000000000e+00) (0, 0, 0.00000000000000000000e+00) (0, 0, 0.00000000000000000000e+00) (0, 0, 0.00000000000000000000e+00) (0, 0, 0.00000000000000000000e+00) (0, 0, 0.00000000000000000000e+00) (0, 0, 0.00000000000000000000e+00) (19, 3, 5.00000000000000000000e-01) (19, 3, 5.00000000000000000000e-01) (0, 3, 0.00000000000000000000e+00) (3, 0, 5.00000000000000000000e-01) (3, 0, 5.00000000000000000000e-01) (0, 0, 0.00000000000000000000e+00) 
connections (connected_to_neuron, weight)=(0, -1.68323159217834472656e-01) (1, -6.66046664118766784668e-02) (2, -1.70989528298377990723e-01) (3, -9.48574170470237731934e-02) (4, -8.64275917410850524902e-02) (5, -1.51888817548751831055e-01) (6, -4.37009260058403015137e-02) (7, -8.12188461422920227051e-02) (8, -1.19789123535156250000e-01) (9, -2.06517964601516723633e-01) (10, -1.14210583269596099854e-01) (11, -1.06398582458496093750e-01) (12, -6.83355107903480529785e-02) (13, -1.52437418699264526367e-01) (14, -1.76040962338447570801e-01) (15, -1.75671100616455078125e-01) (16, -2.06107899546623229980e-01) (17, -1.36875599622726440430e-01) (18, -1.76365822553634643555e-01) (0, -1.35976508259773254395e-01) (1, -1.39515653252601623535e-01) (2, -1.79860427975654602051e-01) (3, -8.89156684279441833496e-02) (4, -2.52146348357200622559e-02) (5, -1.75772652029991149902e-01) (6, -4.85393777489662170410e-02) (7, -1.93682253360748291016e-01) (8, -3.00170257687568664551e-02) (9, -3.22137549519538879395e-02) (10, -1.35685935616493225098e-01) (11, -2.46428772807121276855e-02) (12, -1.80536910891532897949e-01) (13, -1.82290613651275634766e-01) (14, -1.75632387399673461914e-01) (15, -5.53943142294883728027e-02) (16, -4.87181916832923889160e-02) (17, -1.07521198689937591553e-01) (18, -7.90952369570732116699e-02) (19, 1.30062967538833618164e-01) (20, 3.26896831393241882324e-02) (21, 1.74386799335479736328e-01) (19, 3.58523875474929809570e-02) (20, 1.46291106939315795898e-01) (21, 1.26051291823387145996e-01) 
