FANN_FLO_2.1
num_layers=3
learning_rate=0.100000
connection_rate=1.000000
network_type=0
learning_momentum=0.000000
training_algorithm=2
train_error_function=1
train_stop_function=0
cascade_output_change_fraction=0.010000
quickprop_decay=-0.000100
quickprop_mu=1.750000
rprop_increase_factor=1.200000
rprop_decrease_factor=0.500000
rprop_delta_min=0.000000
rprop_delta_max=50.000000
rprop_delta_zero=0.100000
cascade_output_stagnation_epochs=12
cascade_candidate_change_fraction=0.010000
cascade_candidate_stagnation_epochs=12
cascade_max_out_epochs=150
cascade_min_out_epochs=50
cascade_max_cand_epochs=150
cascade_min_cand_epochs=50
cascade_num_candidate_groups=2
bit_fail_limit=3.49999994039535522461e-01
cascade_candidate_limit=1.00000000000000000000e+03
cascade_weight_multiplier=4.00000005960464477539e-01
cascade_activation_functions_count=10
cascade_activation_functions=3 5 7 8 10 11 14 15 16 17 
cascade_activation_steepnesses_count=4
cascade_activation_steepnesses=2.50000000000000000000e-01 5.00000000000000000000e-01 7.50000000000000000000e-01 1.00000000000000000000e+00 
layer_sizes=10 3 2 
scale_included=0
neurons (num_inputs, activation_function, activation_steepness)=(0, 0, 0.00000000000000000000e+00) (0, 0, 0.00000000000000000000e+00) (0, 0, 0.00000000000000000000e+00) (0, 0, 0.00000000000000000000e+00) (0, 0, 0.00000000000000000000e+00) (0, 0, 0.00000000000000000000e+00) (0, 0, 0.00000000000000000000e+00) (0, 0, 0.00000000000000000000e+00) (0, 0, 0.00000000000000000000e+00) (0, 0, 0.00000000000000000000e+00) (10, 3, 5.00000000000000000000e-01) (10, 3, 5.00000000000000000000e-01) (0, 3, 0.00000000000000000000e+00) (3, 0, 5.00000000000000000000e-01) (0, 0, 0.00000000000000000000e+00) 
connections (connected_to_neuron, weight)=(0, 8.33427757024765014648e-02) (1, 9.41111296415328979492e-02) (2, 1.61758989095687866211e-01) (3, 1.31860524415969848633e-01) (4, 1.05972118675708770752e-01) (5, 1.94771975278854370117e-01) (6, 8.75944122672080993652e-02) (7, 1.09113827347755432129e-01) (8, 5.09509518742561340332e-02) (9, 9.56143587827682495117e-02) (0, -1.35114669799804687500e-01) (1, -5.47522380948066711426e-02) (2, -1.79934486746788024902e-01) (3, -1.29938945174217224121e-01) (4, -7.16651603579521179199e-02) (5, -1.47349774837493896484e-01) (6, -5.81589117646217346191e-02) (7, -1.06350101530551910400e-01) (8, -1.06937371194362640381e-01) (9, -2.05315053462982177734e-01) (10, 2.11407572031021118164e-01) (11, 5.73023110628128051758e-02) (12, 2.01610177755355834961e-01) 
