FANN_FLO_2.1
num_layers=3
learning_rate=0.100000
connection_rate=1.000000
network_type=0
learning_momentum=0.000000
training_algorithm=2
train_error_function=1
train_stop_function=0
cascade_output_change_fraction=0.010000
quickprop_decay=-0.000100
quickprop_mu=1.750000
rprop_increase_factor=1.200000
rprop_decrease_factor=0.500000
rprop_delta_min=0.000000
rprop_delta_max=50.000000
rprop_delta_zero=0.100000
cascade_output_stagnation_epochs=12
cascade_candidate_change_fraction=0.010000
cascade_candidate_stagnation_epochs=12
cascade_max_out_epochs=150
cascade_min_out_epochs=50
cascade_max_cand_epochs=150
cascade_min_cand_epochs=50
cascade_num_candidate_groups=2
bit_fail_limit=3.49999994039535522461e-01
cascade_candidate_limit=1.00000000000000000000e+03
cascade_weight_multiplier=4.00000005960464477539e-01
cascade_activation_functions_count=10
cascade_activation_functions=3 5 7 8 10 11 14 15 16 17 
cascade_activation_steepnesses_count=4
cascade_activation_steepnesses=2.50000000000000000000e-01 5.00000000000000000000e-01 7.50000000000000000000e-01 1.00000000000000000000e+00 
layer_sizes=10 3 2 
scale_included=0
neurons (num_inputs, activation_function, activation_steepness)=(0, 0, 0.00000000000000000000e+00) (0, 0, 0.00000000000000000000e+00) (0, 0, 0.00000000000000000000e+00) (0, 0, 0.00000000000000000000e+00) (0, 0, 0.00000000000000000000e+00) (0, 0, 0.00000000000000000000e+00) (0, 0, 0.00000000000000000000e+00) (0, 0, 0.00000000000000000000e+00) (0, 0, 0.00000000000000000000e+00) (0, 0, 0.00000000000000000000e+00) (10, 3, 5.00000000000000000000e-01) (10, 3, 5.00000000000000000000e-01) (0, 3, 0.00000000000000000000e+00) (3, 0, 5.00000000000000000000e-01) (0, 0, 0.00000000000000000000e+00) 
connections (connected_to_neuron, weight)=(0, 1.92204147577285766602e-01) (1, 4.41413447260856628418e-02) (2, 1.63970082998275756836e-01) (3, 5.80600313842296600342e-02) (4, 1.59800201654434204102e-01) (5, 1.01422116160392761230e-01) (6, 2.83393412828445434570e-02) (7, 1.60161316394805908203e-01) (8, 2.07291215658187866211e-01) (9, 1.25328004360198974609e-01) (0, 4.63329032063484191895e-02) (1, 2.02359527349472045898e-01) (2, 1.77471667528152465820e-01) (3, 7.37515315413475036621e-02) (4, 1.71637654304504394531e-01) (5, 1.07109695672988891602e-01) (6, 1.41462981700897216797e-01) (7, 1.13119803369045257568e-01) (8, 9.60091501474380493164e-02) (9, 1.56622678041458129883e-01) (10, 1.54066234827041625977e-01) (11, 1.47999435663223266602e-01) (12, 3.42394039034843444824e-02) 
