FANN_FLO_2.1
num_layers=3
learning_rate=0.100000
connection_rate=1.000000
network_type=0
learning_momentum=0.000000
training_algorithm=2
train_error_function=1
train_stop_function=0
cascade_output_change_fraction=0.010000
quickprop_decay=-0.000100
quickprop_mu=1.750000
rprop_increase_factor=1.200000
rprop_decrease_factor=0.500000
rprop_delta_min=0.000000
rprop_delta_max=50.000000
rprop_delta_zero=0.100000
cascade_output_stagnation_epochs=12
cascade_candidate_change_fraction=0.010000
cascade_candidate_stagnation_epochs=12
cascade_max_out_epochs=150
cascade_min_out_epochs=50
cascade_max_cand_epochs=150
cascade_min_cand_epochs=50
cascade_num_candidate_groups=2
bit_fail_limit=3.49999994039535522461e-01
cascade_candidate_limit=1.00000000000000000000e+03
cascade_weight_multiplier=4.00000005960464477539e-01
cascade_activation_functions_count=10
cascade_activation_functions=3 5 7 8 10 11 14 15 16 17 
cascade_activation_steepnesses_count=4
cascade_activation_steepnesses=2.50000000000000000000e-01 5.00000000000000000000e-01 7.50000000000000000000e-01 1.00000000000000000000e+00 
layer_sizes=10 3 2 
scale_included=0
neurons (num_inputs, activation_function, activation_steepness)=(0, 0, 0.00000000000000000000e+00) (0, 0, 0.00000000000000000000e+00) (0, 0, 0.00000000000000000000e+00) (0, 0, 0.00000000000000000000e+00) (0, 0, 0.00000000000000000000e+00) (0, 0, 0.00000000000000000000e+00) (0, 0, 0.00000000000000000000e+00) (0, 0, 0.00000000000000000000e+00) (0, 0, 0.00000000000000000000e+00) (0, 0, 0.00000000000000000000e+00) (10, 3, 5.00000000000000000000e-01) (10, 3, 5.00000000000000000000e-01) (0, 3, 0.00000000000000000000e+00) (3, 0, 5.00000000000000000000e-01) (0, 0, 0.00000000000000000000e+00) 
connections (connected_to_neuron, weight)=(0, 3.58930900692939758301e-02) (1, 1.41629084944725036621e-01) (2, 1.27943545579910278320e-01) (3, 6.59508258104324340820e-02) (4, 4.53904569149017333984e-02) (5, 1.73726677894592285156e-01) (6, 1.21843419969081878662e-01) (7, 1.20557650923728942871e-01) (8, 2.08146333694458007812e-01) (9, 1.29015669226646423340e-01) (0, 1.60853207111358642578e-01) (1, 1.92681252956390380859e-01) (2, 1.06199733912944793701e-01) (3, 9.25244912505149841309e-02) (4, 2.01869666576385498047e-01) (5, 3.14378216862678527832e-02) (6, 1.98333263397216796875e-01) (7, 5.08490577340126037598e-02) (8, 2.20369547605514526367e-02) (9, 1.91964119672775268555e-01) (10, 1.44500747323036193848e-01) (11, 1.60342097282409667969e-01) (12, 1.26598298549652099609e-01) 
