FANN_FLO_2.1
num_layers=3
learning_rate=0.100000
connection_rate=1.000000
network_type=0
learning_momentum=0.000000
training_algorithm=2
train_error_function=1
train_stop_function=0
cascade_output_change_fraction=0.010000
quickprop_decay=-0.000100
quickprop_mu=1.750000
rprop_increase_factor=1.200000
rprop_decrease_factor=0.500000
rprop_delta_min=0.000000
rprop_delta_max=50.000000
rprop_delta_zero=0.100000
cascade_output_stagnation_epochs=12
cascade_candidate_change_fraction=0.010000
cascade_candidate_stagnation_epochs=12
cascade_max_out_epochs=150
cascade_min_out_epochs=50
cascade_max_cand_epochs=150
cascade_min_cand_epochs=50
cascade_num_candidate_groups=2
bit_fail_limit=3.49999994039535522461e-01
cascade_candidate_limit=1.00000000000000000000e+03
cascade_weight_multiplier=4.00000005960464477539e-01
cascade_activation_functions_count=10
cascade_activation_functions=3 5 7 8 10 11 14 15 16 17 
cascade_activation_steepnesses_count=4
cascade_activation_steepnesses=2.50000000000000000000e-01 5.00000000000000000000e-01 7.50000000000000000000e-01 1.00000000000000000000e+00 
layer_sizes=19 3 3 
scale_included=0
neurons (num_inputs, activation_function, activation_steepness)=(0, 0, 0.00000000000000000000e+00) (0, 0, 0.00000000000000000000e+00) (0, 0, 0.00000000000000000000e+00) (0, 0, 0.00000000000000000000e+00) (0, 0, 0.00000000000000000000e+00) (0, 0, 0.00000000000000000000e+00) (0, 0, 0.00000000000000000000e+00) (0, 0, 0.00000000000000000000e+00) (0, 0, 0.00000000000000000000e+00) (0, 0, 0.00000000000000000000e+00) (0, 0, 0.00000000000000000000e+00) (0, 0, 0.00000000000000000000e+00) (0, 0, 0.00000000000000000000e+00) (0, 0, 0.00000000000000000000e+00) (0, 0, 0.00000000000000000000e+00) (0, 0, 0.00000000000000000000e+00) (0, 0, 0.00000000000000000000e+00) (0, 0, 0.00000000000000000000e+00) (0, 0, 0.00000000000000000000e+00) (19, 3, 5.00000000000000000000e-01) (19, 3, 5.00000000000000000000e-01) (0, 3, 0.00000000000000000000e+00) (3, 0, 5.00000000000000000000e-01) (3, 0, 5.00000000000000000000e-01) (0, 0, 0.00000000000000000000e+00) 
connections (connected_to_neuron, weight)=(0, 1.27213716506958007812e-01) (1, 4.04365882277488708496e-02) (2, 5.38748502731323242188e-02) (3, 1.59153401851654052734e-01) (4, 7.56583809852600097656e-02) (5, 1.38426765799522399902e-01) (6, 1.93590044975280761719e-01) (7, 4.16468530893325805664e-02) (8, 5.52300214767456054688e-02) (9, 2.06805706024169921875e-01) (10, 5.24818375706672668457e-02) (11, 1.59246116876602172852e-01) (12, 8.59667509794235229492e-02) (13, 2.29287296533584594727e-02) (14, 2.19286352396011352539e-01) (15, 9.07585397362709045410e-02) (16, 2.03544646501541137695e-01) (17, 4.65100184082984924316e-02) (18, 1.93471312522888183594e-01) (0, 7.79441446065902709961e-02) (1, 1.33247256278991699219e-01) (2, 9.95178893208503723145e-02) (3, 1.14465355873107910156e-01) (4, 2.10537642240524291992e-01) (5, 1.03642292320728302002e-01) (6, 1.87455892562866210938e-01) (7, 9.03499498963356018066e-02) (8, 1.46615117788314819336e-01) (9, 1.74081861972808837891e-01) (10, 2.34935209155082702637e-02) (11, 2.19991296529769897461e-01) (12, 8.12955796718597412109e-02) (13, 4.39301133155822753906e-02) (14, 5.38661479949951171875e-02) (15, 2.04489752650260925293e-02) (16, 9.95884910225868225098e-02) (17, 1.72292917966842651367e-01) (18, 1.94038987159729003906e-01) (19, 1.21235348284244537354e-01) (20, 2.07522928714752197266e-01) (21, 1.80844694375991821289e-01) (19, 1.53717160224914550781e-01) (20, 1.46769046783447265625e-01) (21, 4.68114465475082397461e-02) 
