FANN_FLO_2.1
num_layers=3
learning_rate=0.100000
connection_rate=1.000000
network_type=0
learning_momentum=0.000000
training_algorithm=2
train_error_function=1
train_stop_function=0
cascade_output_change_fraction=0.010000
quickprop_decay=-0.000100
quickprop_mu=1.750000
rprop_increase_factor=1.200000
rprop_decrease_factor=0.500000
rprop_delta_min=0.000000
rprop_delta_max=50.000000
rprop_delta_zero=0.100000
cascade_output_stagnation_epochs=12
cascade_candidate_change_fraction=0.010000
cascade_candidate_stagnation_epochs=12
cascade_max_out_epochs=150
cascade_min_out_epochs=50
cascade_max_cand_epochs=150
cascade_min_cand_epochs=50
cascade_num_candidate_groups=2
bit_fail_limit=3.49999994039535522461e-01
cascade_candidate_limit=1.00000000000000000000e+03
cascade_weight_multiplier=4.00000005960464477539e-01
cascade_activation_functions_count=10
cascade_activation_functions=3 5 7 8 10 11 14 15 16 17 
cascade_activation_steepnesses_count=4
cascade_activation_steepnesses=2.50000000000000000000e-01 5.00000000000000000000e-01 7.50000000000000000000e-01 1.00000000000000000000e+00 
layer_sizes=19 3 3 
scale_included=0
neurons (num_inputs, activation_function, activation_steepness)=(0, 0, 0.00000000000000000000e+00) (0, 0, 0.00000000000000000000e+00) (0, 0, 0.00000000000000000000e+00) (0, 0, 0.00000000000000000000e+00) (0, 0, 0.00000000000000000000e+00) (0, 0, 0.00000000000000000000e+00) (0, 0, 0.00000000000000000000e+00) (0, 0, 0.00000000000000000000e+00) (0, 0, 0.00000000000000000000e+00) (0, 0, 0.00000000000000000000e+00) (0, 0, 0.00000000000000000000e+00) (0, 0, 0.00000000000000000000e+00) (0, 0, 0.00000000000000000000e+00) (0, 0, 0.00000000000000000000e+00) (0, 0, 0.00000000000000000000e+00) (0, 0, 0.00000000000000000000e+00) (0, 0, 0.00000000000000000000e+00) (0, 0, 0.00000000000000000000e+00) (0, 0, 0.00000000000000000000e+00) (19, 3, 5.00000000000000000000e-01) (19, 3, 5.00000000000000000000e-01) (0, 3, 0.00000000000000000000e+00) (3, 0, 5.00000000000000000000e-01) (3, 0, 5.00000000000000000000e-01) (0, 0, 0.00000000000000000000e+00) 
connections (connected_to_neuron, weight)=(0, 1.49998486042022705078e-01) (1, 1.49897426366806030273e-01) (2, 2.15997010469436645508e-01) (3, -1.01163446903228759766e-01) (4, 4.87289428710937500000e-02) (5, 4.80633080005645751953e-02) (6, 2.06078529357910156250e-01) (7, 1.52197271585464477539e-01) (8, 1.02113559842109680176e-01) (9, 8.93676951527595520020e-02) (10, 7.76205360889434814453e-02) (11, 1.27520501613616943359e-01) (12, 1.51335477828979492188e-01) (13, 7.14894235134124755859e-02) (14, 1.67769670486450195312e-01) (15, 5.34159541130065917969e-02) (16, 1.16383098065853118896e-01) (17, 1.02968014776706695557e-01) (18, 4.11935299634933471680e-02) (0, 1.31276264786720275879e-01) (1, 8.60320851206779479980e-02) (2, 1.33830875158309936523e-01) (3, 1.23373910784721374512e-01) (4, 5.87259270250797271729e-02) (5, -1.96522682905197143555e-01) (6, 1.91491961479187011719e-01) (7, 8.00592899322509765625e-02) (8, 2.19218581914901733398e-02) (9, 1.00302383303642272949e-01) (10, 9.53261703252792358398e-02) (11, -4.83814701437950134277e-02) (12, 3.03008556365966796875e-02) (13, 2.52235904335975646973e-02) (14, -5.23844733834266662598e-02) (15, 1.49137437343597412109e-01) (16, 5.39525300264358520508e-02) (17, 2.15678840875625610352e-01) (18, 1.35215938091278076172e-01) (19, 1.86149775981903076172e-01) (20, 9.77923870086669921875e-02) (21, 2.04583644866943359375e-01) (19, 4.37703132629394531250e-02) (20, 2.05312877893447875977e-01) (21, 1.35919108986854553223e-01) 
