FANN_FLO_2.1
num_layers=3
learning_rate=0.100000
connection_rate=1.000000
network_type=0
learning_momentum=0.000000
training_algorithm=2
train_error_function=1
train_stop_function=0
cascade_output_change_fraction=0.010000
quickprop_decay=-0.000100
quickprop_mu=1.750000
rprop_increase_factor=1.200000
rprop_decrease_factor=0.500000
rprop_delta_min=0.000000
rprop_delta_max=50.000000
rprop_delta_zero=0.100000
cascade_output_stagnation_epochs=12
cascade_candidate_change_fraction=0.010000
cascade_candidate_stagnation_epochs=12
cascade_max_out_epochs=150
cascade_min_out_epochs=50
cascade_max_cand_epochs=150
cascade_min_cand_epochs=50
cascade_num_candidate_groups=2
bit_fail_limit=3.49999994039535522461e-01
cascade_candidate_limit=1.00000000000000000000e+03
cascade_weight_multiplier=4.00000005960464477539e-01
cascade_activation_functions_count=10
cascade_activation_functions=3 5 7 8 10 11 14 15 16 17 
cascade_activation_steepnesses_count=4
cascade_activation_steepnesses=2.50000000000000000000e-01 5.00000000000000000000e-01 7.50000000000000000000e-01 1.00000000000000000000e+00 
layer_sizes=10 3 2 
scale_included=0
neurons (num_inputs, activation_function, activation_steepness)=(0, 0, 0.00000000000000000000e+00) (0, 0, 0.00000000000000000000e+00) (0, 0, 0.00000000000000000000e+00) (0, 0, 0.00000000000000000000e+00) (0, 0, 0.00000000000000000000e+00) (0, 0, 0.00000000000000000000e+00) (0, 0, 0.00000000000000000000e+00) (0, 0, 0.00000000000000000000e+00) (0, 0, 0.00000000000000000000e+00) (0, 0, 0.00000000000000000000e+00) (10, 3, 5.00000000000000000000e-01) (10, 3, 5.00000000000000000000e-01) (0, 3, 0.00000000000000000000e+00) (3, 0, 5.00000000000000000000e-01) (0, 0, 0.00000000000000000000e+00) 
connections (connected_to_neuron, weight)=(0, -4.59393486380577087402e-02) (1, -1.80342808365821838379e-01) (2, -1.32146641612052917480e-01) (3, -7.07169249653816223145e-02) (4, -1.99701204895973205566e-01) (5, -1.69054567813873291016e-01) (6, -1.29509642720222473145e-01) (7, -2.10289835929870605469e-01) (8, -7.13015422224998474121e-02) (9, -6.89903870224952697754e-02) (0, 2.14635670185089111328e-01) (1, 1.42654880881309509277e-01) (2, 1.32325425744056701660e-01) (3, 2.24542021751403808594e-02) (4, 1.87951505184173583984e-01) (5, 1.73563450574874877930e-01) (6, 6.93619847297668457031e-02) (7, 8.44753310084342956543e-02) (8, 9.58214551210403442383e-02) (9, 4.93603423237800598145e-02) (10, 8.93848836421966552734e-02) (11, 1.54238969087600708008e-01) (12, 1.39291942119598388672e-01) 
