FANN_FLO_2.1
num_layers=3
learning_rate=0.100000
connection_rate=1.000000
network_type=0
learning_momentum=0.000000
training_algorithm=2
train_error_function=1
train_stop_function=0
cascade_output_change_fraction=0.010000
quickprop_decay=-0.000100
quickprop_mu=1.750000
rprop_increase_factor=1.200000
rprop_decrease_factor=0.500000
rprop_delta_min=0.000000
rprop_delta_max=50.000000
rprop_delta_zero=0.100000
cascade_output_stagnation_epochs=12
cascade_candidate_change_fraction=0.010000
cascade_candidate_stagnation_epochs=12
cascade_max_out_epochs=150
cascade_min_out_epochs=50
cascade_max_cand_epochs=150
cascade_min_cand_epochs=50
cascade_num_candidate_groups=2
bit_fail_limit=3.49999994039535522461e-01
cascade_candidate_limit=1.00000000000000000000e+03
cascade_weight_multiplier=4.00000005960464477539e-01
cascade_activation_functions_count=10
cascade_activation_functions=3 5 7 8 10 11 14 15 16 17 
cascade_activation_steepnesses_count=4
cascade_activation_steepnesses=2.50000000000000000000e-01 5.00000000000000000000e-01 7.50000000000000000000e-01 1.00000000000000000000e+00 
layer_sizes=19 3 3 
scale_included=0
neurons (num_inputs, activation_function, activation_steepness)=(0, 0, 0.00000000000000000000e+00) (0, 0, 0.00000000000000000000e+00) (0, 0, 0.00000000000000000000e+00) (0, 0, 0.00000000000000000000e+00) (0, 0, 0.00000000000000000000e+00) (0, 0, 0.00000000000000000000e+00) (0, 0, 0.00000000000000000000e+00) (0, 0, 0.00000000000000000000e+00) (0, 0, 0.00000000000000000000e+00) (0, 0, 0.00000000000000000000e+00) (0, 0, 0.00000000000000000000e+00) (0, 0, 0.00000000000000000000e+00) (0, 0, 0.00000000000000000000e+00) (0, 0, 0.00000000000000000000e+00) (0, 0, 0.00000000000000000000e+00) (0, 0, 0.00000000000000000000e+00) (0, 0, 0.00000000000000000000e+00) (0, 0, 0.00000000000000000000e+00) (0, 0, 0.00000000000000000000e+00) (19, 3, 5.00000000000000000000e-01) (19, 3, 5.00000000000000000000e-01) (0, 3, 0.00000000000000000000e+00) (3, 0, 5.00000000000000000000e-01) (3, 0, 5.00000000000000000000e-01) (0, 0, 0.00000000000000000000e+00) 
connections (connected_to_neuron, weight)=(0, -1.34560108184814453125e-01) (1, -4.94109019637107849121e-02) (2, -1.70623183250427246094e-01) (3, -1.65547639131546020508e-01) (4, -1.92118242383003234863e-01) (5, -1.14853069186210632324e-01) (6, -1.18411064147949218750e-01) (7, -2.97629311680793762207e-02) (8, -1.32860720157623291016e-01) (9, -2.00492724776268005371e-01) (10, -5.06685003638267517090e-02) (11, -5.35165593028068542480e-02) (12, -8.65854993462562561035e-02) (13, -1.86564564704895019531e-01) (14, -1.12192571163177490234e-01) (15, -1.58843442797660827637e-01) (16, -1.34256049990653991699e-01) (17, -6.19890764355659484863e-02) (18, -1.61596596240997314453e-01) (0, -9.55323129892349243164e-02) (1, -9.62987318634986877441e-02) (2, -1.94049566984176635742e-01) (3, -1.94312065839767456055e-01) (4, -8.90800580382347106934e-02) (5, -9.74146872758865356445e-02) (6, -4.85411807894706726074e-02) (7, -9.24669578671455383301e-02) (8, -1.67040571570396423340e-01) (9, -7.18384757637977600098e-02) (10, -2.05836772918701171875e-01) (11, -1.79550275206565856934e-01) (12, -1.86398565769195556641e-01) (13, -3.52476611733436584473e-02) (14, -1.30173444747924804688e-01) (15, -1.31946206092834472656e-01) (16, -2.07365900278091430664e-01) (17, -2.50265225768089294434e-02) (18, -3.03572639822959899902e-02) (19, 2.28711739182472229004e-02) (20, 1.02112784981727600098e-01) (21, 2.91500240564346313477e-02) (19, 1.92202687263488769531e-01) (20, 6.85962140560150146484e-02) (21, 1.62564516067504882812e-01) 
