FANN_FLO_2.1
num_layers=3
learning_rate=0.100000
connection_rate=1.000000
network_type=0
learning_momentum=0.000000
training_algorithm=2
train_error_function=1
train_stop_function=0
cascade_output_change_fraction=0.010000
quickprop_decay=-0.000100
quickprop_mu=1.750000
rprop_increase_factor=1.200000
rprop_decrease_factor=0.500000
rprop_delta_min=0.000000
rprop_delta_max=50.000000
rprop_delta_zero=0.100000
cascade_output_stagnation_epochs=12
cascade_candidate_change_fraction=0.010000
cascade_candidate_stagnation_epochs=12
cascade_max_out_epochs=150
cascade_min_out_epochs=50
cascade_max_cand_epochs=150
cascade_min_cand_epochs=50
cascade_num_candidate_groups=2
bit_fail_limit=3.49999994039535522461e-01
cascade_candidate_limit=1.00000000000000000000e+03
cascade_weight_multiplier=4.00000005960464477539e-01
cascade_activation_functions_count=10
cascade_activation_functions=3 5 7 8 10 11 14 15 16 17 
cascade_activation_steepnesses_count=4
cascade_activation_steepnesses=2.50000000000000000000e-01 5.00000000000000000000e-01 7.50000000000000000000e-01 1.00000000000000000000e+00 
layer_sizes=19 3 3 
scale_included=0
neurons (num_inputs, activation_function, activation_steepness)=(0, 0, 0.00000000000000000000e+00) (0, 0, 0.00000000000000000000e+00) (0, 0, 0.00000000000000000000e+00) (0, 0, 0.00000000000000000000e+00) (0, 0, 0.00000000000000000000e+00) (0, 0, 0.00000000000000000000e+00) (0, 0, 0.00000000000000000000e+00) (0, 0, 0.00000000000000000000e+00) (0, 0, 0.00000000000000000000e+00) (0, 0, 0.00000000000000000000e+00) (0, 0, 0.00000000000000000000e+00) (0, 0, 0.00000000000000000000e+00) (0, 0, 0.00000000000000000000e+00) (0, 0, 0.00000000000000000000e+00) (0, 0, 0.00000000000000000000e+00) (0, 0, 0.00000000000000000000e+00) (0, 0, 0.00000000000000000000e+00) (0, 0, 0.00000000000000000000e+00) (0, 0, 0.00000000000000000000e+00) (19, 3, 5.00000000000000000000e-01) (19, 3, 5.00000000000000000000e-01) (0, 3, 0.00000000000000000000e+00) (3, 0, 5.00000000000000000000e-01) (3, 0, 5.00000000000000000000e-01) (0, 0, 0.00000000000000000000e+00) 
connections (connected_to_neuron, weight)=(0, 2.18362838029861450195e-01) (1, 1.39158815145492553711e-01) (2, 1.28258973360061645508e-01) (3, 1.70858830213546752930e-01) (4, 1.50177597999572753906e-01) (5, 1.81335985660552978516e-01) (6, 1.23617269098758697510e-01) (7, 1.79274111986160278320e-01) (8, 8.29402282834053039551e-02) (9, 1.36896058917045593262e-01) (10, 1.08038052916526794434e-01) (11, 1.46439790725708007812e-01) (12, 2.06314027309417724609e-01) (13, 1.63784682750701904297e-01) (14, 1.42821103334426879883e-01) (15, 1.34944289922714233398e-01) (16, 2.65665873885154724121e-02) (17, 1.98967874050140380859e-01) (18, 2.93716639280319213867e-02) (0, 1.39213174581527709961e-01) (1, 1.05899721384048461914e-01) (2, 1.67816519737243652344e-01) (3, 2.11736857891082763672e-01) (4, 1.22439846396446228027e-01) (5, 5.70941418409347534180e-02) (6, 1.78299844264984130859e-01) (7, 1.30089446902275085449e-01) (8, 1.31665349006652832031e-01) (9, 5.77743910253047943115e-02) (10, 1.80776983499526977539e-01) (11, 5.25145977735519409180e-02) (12, 5.61372339725494384766e-02) (13, 9.99357849359512329102e-02) (14, 1.60773545503616333008e-01) (15, 2.06996053457260131836e-01) (16, 3.01133617758750915527e-02) (17, 1.22109517455101013184e-01) (18, 1.10613323748111724854e-01) (19, 1.89387470483779907227e-01) (20, 1.85049742460250854492e-01) (21, 2.75093764066696166992e-02) (19, 7.74255245923995971680e-02) (20, 1.11489541828632354736e-01) (21, 2.13823378086090087891e-01) 
