FANN_FLO_2.1
num_layers=3
learning_rate=0.100000
connection_rate=1.000000
network_type=0
learning_momentum=0.000000
training_algorithm=2
train_error_function=1
train_stop_function=0
cascade_output_change_fraction=0.010000
quickprop_decay=-0.000100
quickprop_mu=1.750000
rprop_increase_factor=1.200000
rprop_decrease_factor=0.500000
rprop_delta_min=0.000000
rprop_delta_max=50.000000
rprop_delta_zero=0.100000
cascade_output_stagnation_epochs=12
cascade_candidate_change_fraction=0.010000
cascade_candidate_stagnation_epochs=12
cascade_max_out_epochs=150
cascade_min_out_epochs=50
cascade_max_cand_epochs=150
cascade_min_cand_epochs=50
cascade_num_candidate_groups=2
bit_fail_limit=3.49999994039535522461e-01
cascade_candidate_limit=1.00000000000000000000e+03
cascade_weight_multiplier=4.00000005960464477539e-01
cascade_activation_functions_count=10
cascade_activation_functions=3 5 7 8 10 11 14 15 16 17 
cascade_activation_steepnesses_count=4
cascade_activation_steepnesses=2.50000000000000000000e-01 5.00000000000000000000e-01 7.50000000000000000000e-01 1.00000000000000000000e+00 
layer_sizes=19 3 3 
scale_included=0
neurons (num_inputs, activation_function, activation_steepness)=(0, 0, 0.00000000000000000000e+00) (0, 0, 0.00000000000000000000e+00) (0, 0, 0.00000000000000000000e+00) (0, 0, 0.00000000000000000000e+00) (0, 0, 0.00000000000000000000e+00) (0, 0, 0.00000000000000000000e+00) (0, 0, 0.00000000000000000000e+00) (0, 0, 0.00000000000000000000e+00) (0, 0, 0.00000000000000000000e+00) (0, 0, 0.00000000000000000000e+00) (0, 0, 0.00000000000000000000e+00) (0, 0, 0.00000000000000000000e+00) (0, 0, 0.00000000000000000000e+00) (0, 0, 0.00000000000000000000e+00) (0, 0, 0.00000000000000000000e+00) (0, 0, 0.00000000000000000000e+00) (0, 0, 0.00000000000000000000e+00) (0, 0, 0.00000000000000000000e+00) (0, 0, 0.00000000000000000000e+00) (19, 3, 5.00000000000000000000e-01) (19, 3, 5.00000000000000000000e-01) (0, 3, 0.00000000000000000000e+00) (3, 0, 5.00000000000000000000e-01) (3, 0, 5.00000000000000000000e-01) (0, 0, 0.00000000000000000000e+00) 
connections (connected_to_neuron, weight)=(0, -1.95578083395957946777e-01) (1, -2.19544649124145507812e-01) (2, -9.78625044226646423340e-02) (3, -7.23289921879768371582e-02) (4, -4.69116941094398498535e-02) (5, -1.22162818908691406250e-01) (6, -2.14514851570129394531e-01) (7, -1.10095165669918060303e-01) (8, -1.98056310415267944336e-01) (9, -6.96695372462272644043e-02) (10, -2.10862234234809875488e-02) (11, -1.85440018773078918457e-01) (12, -1.48645192384719848633e-01) (13, -1.40961542725563049316e-01) (14, -1.61031484603881835938e-01) (15, -2.03110650181770324707e-01) (16, -7.47092589735984802246e-02) (17, -8.98555442690849304199e-02) (18, -1.54363259673118591309e-01) (0, -2.12870016694068908691e-01) (1, -1.31259068846702575684e-01) (2, -1.77354365587234497070e-01) (3, -8.61364975571632385254e-02) (4, -9.27486345171928405762e-02) (5, -1.12606979906558990479e-01) (6, -2.18218192458152770996e-01) (7, -2.81817838549613952637e-02) (8, -2.12166160345077514648e-01) (9, -6.70254752039909362793e-02) (10, -2.19666153192520141602e-01) (11, -3.97466346621513366699e-02) (12, -4.26035448908805847168e-02) (13, -2.19210803508758544922e-01) (14, -1.17609128355979919434e-01) (15, -9.49325338006019592285e-02) (16, -4.61224839091300964355e-02) (17, -2.19771951436996459961e-01) (18, -8.94473716616630554199e-02) (19, 1.03782370686531066895e-01) (20, 4.21717688441276550293e-02) (21, 1.00883111357688903809e-01) (19, 1.02696143090724945068e-01) (20, 7.67317563295364379883e-02) (21, 1.72237932682037353516e-01) 
