FANN_FLO_2.1
num_layers=3
learning_rate=0.100000
connection_rate=1.000000
network_type=0
learning_momentum=0.000000
training_algorithm=2
train_error_function=1
train_stop_function=0
cascade_output_change_fraction=0.010000
quickprop_decay=-0.000100
quickprop_mu=1.750000
rprop_increase_factor=1.200000
rprop_decrease_factor=0.500000
rprop_delta_min=0.000000
rprop_delta_max=50.000000
rprop_delta_zero=0.100000
cascade_output_stagnation_epochs=12
cascade_candidate_change_fraction=0.010000
cascade_candidate_stagnation_epochs=12
cascade_max_out_epochs=150
cascade_min_out_epochs=50
cascade_max_cand_epochs=150
cascade_min_cand_epochs=50
cascade_num_candidate_groups=2
bit_fail_limit=3.49999994039535522461e-01
cascade_candidate_limit=1.00000000000000000000e+03
cascade_weight_multiplier=4.00000005960464477539e-01
cascade_activation_functions_count=10
cascade_activation_functions=3 5 7 8 10 11 14 15 16 17 
cascade_activation_steepnesses_count=4
cascade_activation_steepnesses=2.50000000000000000000e-01 5.00000000000000000000e-01 7.50000000000000000000e-01 1.00000000000000000000e+00 
layer_sizes=19 3 3 
scale_included=0
neurons (num_inputs, activation_function, activation_steepness)=(0, 0, 0.00000000000000000000e+00) (0, 0, 0.00000000000000000000e+00) (0, 0, 0.00000000000000000000e+00) (0, 0, 0.00000000000000000000e+00) (0, 0, 0.00000000000000000000e+00) (0, 0, 0.00000000000000000000e+00) (0, 0, 0.00000000000000000000e+00) (0, 0, 0.00000000000000000000e+00) (0, 0, 0.00000000000000000000e+00) (0, 0, 0.00000000000000000000e+00) (0, 0, 0.00000000000000000000e+00) (0, 0, 0.00000000000000000000e+00) (0, 0, 0.00000000000000000000e+00) (0, 0, 0.00000000000000000000e+00) (0, 0, 0.00000000000000000000e+00) (0, 0, 0.00000000000000000000e+00) (0, 0, 0.00000000000000000000e+00) (0, 0, 0.00000000000000000000e+00) (0, 0, 0.00000000000000000000e+00) (19, 3, 5.00000000000000000000e-01) (19, 3, 5.00000000000000000000e-01) (0, 3, 0.00000000000000000000e+00) (3, 0, 5.00000000000000000000e-01) (3, 0, 5.00000000000000000000e-01) (0, 0, 0.00000000000000000000e+00) 
connections (connected_to_neuron, weight)=(0, -1.04278586804866790771e-01) (1, -1.95949792861938476562e-01) (2, -1.60296022891998291016e-01) (3, -2.88353785872459411621e-02) (4, -1.22264660894870758057e-01) (5, -4.02222201228141784668e-02) (6, -8.84304717183113098145e-02) (7, -1.85457780957221984863e-01) (8, -1.87985703349113464355e-01) (9, -1.47932410240173339844e-01) (10, -1.13678738474845886230e-01) (11, -1.10033556818962097168e-01) (12, -9.32166799902915954590e-02) (13, -1.06347039341926574707e-01) (14, -2.17506766319274902344e-01) (15, -2.01466202735900878906e-01) (16, -1.10993444919586181641e-01) (17, -6.42120167613029479980e-02) (18, -1.69898957014083862305e-01) (0, 7.82537758350372314453e-02) (1, 2.07358658313751220703e-01) (2, 1.53947055339813232422e-01) (3, 1.47036969661712646484e-01) (4, 1.89791321754455566406e-01) (5, 1.16993159055709838867e-01) (6, 6.10244758427143096924e-02) (7, 1.91535055637359619141e-01) (8, 8.21263119578361511230e-02) (9, 1.26108139753341674805e-01) (10, 9.18204709887504577637e-02) (11, 1.08384214341640472412e-01) (12, 4.18295413255691528320e-02) (13, 1.15870699286460876465e-01) (14, 1.68088197708129882812e-01) (15, 3.29941660165786743164e-02) (16, 2.13606029748916625977e-01) (17, 1.47865980863571166992e-01) (18, 1.64563685655593872070e-01) (19, 4.81482669711112976074e-02) (20, 1.79880291223526000977e-01) (21, 3.66312861442565917969e-02) (19, 1.54469549655914306641e-01) (20, 8.98467302322387695312e-02) (21, 1.63414597511291503906e-01) 
