FANN_FLO_2.1
num_layers=3
learning_rate=0.100000
connection_rate=1.000000
network_type=0
learning_momentum=0.000000
training_algorithm=2
train_error_function=1
train_stop_function=0
cascade_output_change_fraction=0.010000
quickprop_decay=-0.000100
quickprop_mu=1.750000
rprop_increase_factor=1.200000
rprop_decrease_factor=0.500000
rprop_delta_min=0.000000
rprop_delta_max=50.000000
rprop_delta_zero=0.100000
cascade_output_stagnation_epochs=12
cascade_candidate_change_fraction=0.010000
cascade_candidate_stagnation_epochs=12
cascade_max_out_epochs=150
cascade_min_out_epochs=50
cascade_max_cand_epochs=150
cascade_min_cand_epochs=50
cascade_num_candidate_groups=2
bit_fail_limit=3.49999994039535522461e-01
cascade_candidate_limit=1.00000000000000000000e+03
cascade_weight_multiplier=4.00000005960464477539e-01
cascade_activation_functions_count=10
cascade_activation_functions=3 5 7 8 10 11 14 15 16 17 
cascade_activation_steepnesses_count=4
cascade_activation_steepnesses=2.50000000000000000000e-01 5.00000000000000000000e-01 7.50000000000000000000e-01 1.00000000000000000000e+00 
layer_sizes=19 3 3 
scale_included=0
neurons (num_inputs, activation_function, activation_steepness)=(0, 0, 0.00000000000000000000e+00) (0, 0, 0.00000000000000000000e+00) (0, 0, 0.00000000000000000000e+00) (0, 0, 0.00000000000000000000e+00) (0, 0, 0.00000000000000000000e+00) (0, 0, 0.00000000000000000000e+00) (0, 0, 0.00000000000000000000e+00) (0, 0, 0.00000000000000000000e+00) (0, 0, 0.00000000000000000000e+00) (0, 0, 0.00000000000000000000e+00) (0, 0, 0.00000000000000000000e+00) (0, 0, 0.00000000000000000000e+00) (0, 0, 0.00000000000000000000e+00) (0, 0, 0.00000000000000000000e+00) (0, 0, 0.00000000000000000000e+00) (0, 0, 0.00000000000000000000e+00) (0, 0, 0.00000000000000000000e+00) (0, 0, 0.00000000000000000000e+00) (0, 0, 0.00000000000000000000e+00) (19, 3, 5.00000000000000000000e-01) (19, 3, 5.00000000000000000000e-01) (0, 3, 0.00000000000000000000e+00) (3, 0, 5.00000000000000000000e-01) (3, 0, 5.00000000000000000000e-01) (0, 0, 0.00000000000000000000e+00) 
connections (connected_to_neuron, weight)=(0, 1.35685354471206665039e-01) (1, 2.10564017295837402344e-01) (2, 2.14722841978073120117e-01) (3, 9.03638601303100585938e-02) (4, 2.78152525424957275391e-02) (5, 2.08461403846740722656e-01) (6, 9.60619300603866577148e-02) (7, 1.49160683155059814453e-01) (8, 1.04975543916225433350e-01) (9, 2.02122658491134643555e-01) (10, 1.44522890448570251465e-01) (11, 2.72526070475578308105e-02) (12, 1.20676502585411071777e-01) (13, 2.08583354949951171875e-01) (14, 1.39166519045829772949e-01) (15, 1.78403198719024658203e-01) (16, 1.00268490612506866455e-01) (17, 1.91532403230667114258e-01) (18, 1.18821844458580017090e-01) (0, 1.70901298522949218750e-01) (1, 3.28491851687431335449e-02) (2, 2.76452004909515380859e-02) (3, 1.64461106061935424805e-01) (4, 1.00193820893764495850e-01) (5, 1.16335429251194000244e-01) (6, 1.46650463342666625977e-01) (7, 1.54987096786499023438e-01) (8, 2.01274871826171875000e-01) (9, 5.49906194210052490234e-02) (10, 7.26653039455413818359e-02) (11, 1.17534622550010681152e-01) (12, 1.70675992965698242188e-01) (13, 6.32293224334716796875e-02) (14, 1.12257450819015502930e-01) (15, 4.10398393869400024414e-02) (16, 7.10445791482925415039e-02) (17, 1.00718870759010314941e-01) (18, 1.17101773619651794434e-01) (19, 2.00205266475677490234e-01) (20, 1.85694396495819091797e-01) (21, 9.92244109511375427246e-02) (19, 1.24728143215179443359e-01) (20, 1.92947030067443847656e-01) (21, 1.99900925159454345703e-01) 
