FANN_FLO_2.1
num_layers=3
learning_rate=0.100000
connection_rate=1.000000
network_type=0
learning_momentum=0.000000
training_algorithm=2
train_error_function=1
train_stop_function=0
cascade_output_change_fraction=0.010000
quickprop_decay=-0.000100
quickprop_mu=1.750000
rprop_increase_factor=1.200000
rprop_decrease_factor=0.500000
rprop_delta_min=0.000000
rprop_delta_max=50.000000
rprop_delta_zero=0.100000
cascade_output_stagnation_epochs=12
cascade_candidate_change_fraction=0.010000
cascade_candidate_stagnation_epochs=12
cascade_max_out_epochs=150
cascade_min_out_epochs=50
cascade_max_cand_epochs=150
cascade_min_cand_epochs=50
cascade_num_candidate_groups=2
bit_fail_limit=3.49999994039535522461e-01
cascade_candidate_limit=1.00000000000000000000e+03
cascade_weight_multiplier=4.00000005960464477539e-01
cascade_activation_functions_count=10
cascade_activation_functions=3 5 7 8 10 11 14 15 16 17 
cascade_activation_steepnesses_count=4
cascade_activation_steepnesses=2.50000000000000000000e-01 5.00000000000000000000e-01 7.50000000000000000000e-01 1.00000000000000000000e+00 
layer_sizes=10 3 2 
scale_included=0
neurons (num_inputs, activation_function, activation_steepness)=(0, 0, 0.00000000000000000000e+00) (0, 0, 0.00000000000000000000e+00) (0, 0, 0.00000000000000000000e+00) (0, 0, 0.00000000000000000000e+00) (0, 0, 0.00000000000000000000e+00) (0, 0, 0.00000000000000000000e+00) (0, 0, 0.00000000000000000000e+00) (0, 0, 0.00000000000000000000e+00) (0, 0, 0.00000000000000000000e+00) (0, 0, 0.00000000000000000000e+00) (10, 3, 5.00000000000000000000e-01) (10, 3, 5.00000000000000000000e-01) (0, 3, 0.00000000000000000000e+00) (3, 0, 5.00000000000000000000e-01) (0, 0, 0.00000000000000000000e+00) 
connections (connected_to_neuron, weight)=(0, -3.29778715968132019043e-02) (1, -1.90751835703849792480e-01) (2, -1.78807094693183898926e-01) (3, -1.14283144474029541016e-01) (4, -1.46876648068428039551e-01) (5, -2.13703989982604980469e-01) (6, -2.12117344141006469727e-01) (7, -1.22161403298377990723e-01) (8, -2.06032618880271911621e-01) (9, -6.81911781430244445801e-02) (0, 2.19923257827758789062e-01) (1, 2.04777628183364868164e-01) (2, 8.19407850503921508789e-02) (3, 9.89588350057601928711e-02) (4, 6.78106099367141723633e-02) (5, 2.46462374925613403320e-02) (6, 5.63536584377288818359e-02) (7, 5.52103966474533081055e-02) (8, 1.82009696960449218750e-01) (9, 2.21946462988853454590e-02) (10, 5.96426203846931457520e-02) (11, 1.50585144758224487305e-01) (12, 1.75930678844451904297e-01) 
