FANN_FLO_2.1
num_layers=3
learning_rate=0.100000
connection_rate=1.000000
network_type=0
learning_momentum=0.000000
training_algorithm=2
train_error_function=1
train_stop_function=0
cascade_output_change_fraction=0.010000
quickprop_decay=-0.000100
quickprop_mu=1.750000
rprop_increase_factor=1.200000
rprop_decrease_factor=0.500000
rprop_delta_min=0.000000
rprop_delta_max=50.000000
rprop_delta_zero=0.100000
cascade_output_stagnation_epochs=12
cascade_candidate_change_fraction=0.010000
cascade_candidate_stagnation_epochs=12
cascade_max_out_epochs=150
cascade_min_out_epochs=50
cascade_max_cand_epochs=150
cascade_min_cand_epochs=50
cascade_num_candidate_groups=2
bit_fail_limit=3.49999994039535522461e-01
cascade_candidate_limit=1.00000000000000000000e+03
cascade_weight_multiplier=4.00000005960464477539e-01
cascade_activation_functions_count=10
cascade_activation_functions=3 5 7 8 10 11 14 15 16 17 
cascade_activation_steepnesses_count=4
cascade_activation_steepnesses=2.50000000000000000000e-01 5.00000000000000000000e-01 7.50000000000000000000e-01 1.00000000000000000000e+00 
layer_sizes=10 3 2 
scale_included=0
neurons (num_inputs, activation_function, activation_steepness)=(0, 0, 0.00000000000000000000e+00) (0, 0, 0.00000000000000000000e+00) (0, 0, 0.00000000000000000000e+00) (0, 0, 0.00000000000000000000e+00) (0, 0, 0.00000000000000000000e+00) (0, 0, 0.00000000000000000000e+00) (0, 0, 0.00000000000000000000e+00) (0, 0, 0.00000000000000000000e+00) (0, 0, 0.00000000000000000000e+00) (0, 0, 0.00000000000000000000e+00) (10, 3, 5.00000000000000000000e-01) (10, 3, 5.00000000000000000000e-01) (0, 3, 0.00000000000000000000e+00) (3, 0, 5.00000000000000000000e-01) (0, 0, 0.00000000000000000000e+00) 
connections (connected_to_neuron, weight)=(0, 1.58239006996154785156e-01) (1, 1.63364648818969726562e-01) (2, 9.28313434123992919922e-02) (3, 6.16877414286136627197e-02) (4, 8.30310359597206115723e-02) (5, 1.20622493326663970947e-01) (6, 1.70337945222854614258e-01) (7, 3.12945693731307983398e-02) (8, 3.17893624305725097656e-02) (9, 6.82982206344604492188e-02) (0, 9.60085466504096984863e-02) (1, 5.83800859749317169189e-02) (2, 4.75359261035919189453e-02) (3, 1.48219823837280273438e-01) (4, 1.63231134414672851562e-01) (5, 6.49501830339431762695e-02) (6, 6.44869804382324218750e-02) (7, 1.37788861989974975586e-01) (8, 9.93672460317611694336e-02) (9, 1.56383395195007324219e-01) (10, 2.16505318880081176758e-01) (11, 2.13462799787521362305e-01) (12, 1.46024167537689208984e-01) 
