FANN_FLO_2.1
num_layers=3
learning_rate=0.100000
connection_rate=1.000000
network_type=0
learning_momentum=0.000000
training_algorithm=2
train_error_function=1
train_stop_function=0
cascade_output_change_fraction=0.010000
quickprop_decay=-0.000100
quickprop_mu=1.750000
rprop_increase_factor=1.200000
rprop_decrease_factor=0.500000
rprop_delta_min=0.000000
rprop_delta_max=50.000000
rprop_delta_zero=0.100000
cascade_output_stagnation_epochs=12
cascade_candidate_change_fraction=0.010000
cascade_candidate_stagnation_epochs=12
cascade_max_out_epochs=150
cascade_min_out_epochs=50
cascade_max_cand_epochs=150
cascade_min_cand_epochs=50
cascade_num_candidate_groups=2
bit_fail_limit=3.49999994039535522461e-01
cascade_candidate_limit=1.00000000000000000000e+03
cascade_weight_multiplier=4.00000005960464477539e-01
cascade_activation_functions_count=10
cascade_activation_functions=3 5 7 8 10 11 14 15 16 17 
cascade_activation_steepnesses_count=4
cascade_activation_steepnesses=2.50000000000000000000e-01 5.00000000000000000000e-01 7.50000000000000000000e-01 1.00000000000000000000e+00 
layer_sizes=10 3 2 
scale_included=0
neurons (num_inputs, activation_function, activation_steepness)=(0, 0, 0.00000000000000000000e+00) (0, 0, 0.00000000000000000000e+00) (0, 0, 0.00000000000000000000e+00) (0, 0, 0.00000000000000000000e+00) (0, 0, 0.00000000000000000000e+00) (0, 0, 0.00000000000000000000e+00) (0, 0, 0.00000000000000000000e+00) (0, 0, 0.00000000000000000000e+00) (0, 0, 0.00000000000000000000e+00) (0, 0, 0.00000000000000000000e+00) (10, 3, 5.00000000000000000000e-01) (10, 3, 5.00000000000000000000e-01) (0, 3, 0.00000000000000000000e+00) (3, 0, 5.00000000000000000000e-01) (0, 0, 0.00000000000000000000e+00) 
connections (connected_to_neuron, weight)=(0, -4.60696443915367126465e-02) (1, -6.65231421589851379395e-02) (2, -7.29427263140678405762e-02) (3, -3.67933884263038635254e-02) (4, -2.01617389917373657227e-01) (5, -1.70525491237640380859e-01) (6, -1.01158872246742248535e-01) (7, -7.51368626952171325684e-02) (8, -1.88580870628356933594e-01) (9, -1.50437980890274047852e-01) (0, 1.71836972236633300781e-01) (1, 1.43941253423690795898e-01) (2, 7.78346210718154907227e-02) (3, 2.02370256185531616211e-01) (4, 3.29554975032806396484e-02) (5, 3.91693711280822753906e-02) (6, 1.26452893018722534180e-01) (7, 1.45781606435775756836e-01) (8, 1.96003168821334838867e-01) (9, 1.25290602445602416992e-01) (10, 6.98130950331687927246e-02) (11, 1.20437800884246826172e-01) (12, 1.39354661107063293457e-01) 
