FANN_FLO_2.1
num_layers=3
learning_rate=0.100000
connection_rate=1.000000
network_type=0
learning_momentum=0.000000
training_algorithm=2
train_error_function=1
train_stop_function=0
cascade_output_change_fraction=0.010000
quickprop_decay=-0.000100
quickprop_mu=1.750000
rprop_increase_factor=1.200000
rprop_decrease_factor=0.500000
rprop_delta_min=0.000000
rprop_delta_max=50.000000
rprop_delta_zero=0.100000
cascade_output_stagnation_epochs=12
cascade_candidate_change_fraction=0.010000
cascade_candidate_stagnation_epochs=12
cascade_max_out_epochs=150
cascade_min_out_epochs=50
cascade_max_cand_epochs=150
cascade_min_cand_epochs=50
cascade_num_candidate_groups=2
bit_fail_limit=3.49999994039535522461e-01
cascade_candidate_limit=1.00000000000000000000e+03
cascade_weight_multiplier=4.00000005960464477539e-01
cascade_activation_functions_count=10
cascade_activation_functions=3 5 7 8 10 11 14 15 16 17 
cascade_activation_steepnesses_count=4
cascade_activation_steepnesses=2.50000000000000000000e-01 5.00000000000000000000e-01 7.50000000000000000000e-01 1.00000000000000000000e+00 
layer_sizes=10 3 2 
scale_included=0
neurons (num_inputs, activation_function, activation_steepness)=(0, 0, 0.00000000000000000000e+00) (0, 0, 0.00000000000000000000e+00) (0, 0, 0.00000000000000000000e+00) (0, 0, 0.00000000000000000000e+00) (0, 0, 0.00000000000000000000e+00) (0, 0, 0.00000000000000000000e+00) (0, 0, 0.00000000000000000000e+00) (0, 0, 0.00000000000000000000e+00) (0, 0, 0.00000000000000000000e+00) (0, 0, 0.00000000000000000000e+00) (10, 3, 5.00000000000000000000e-01) (10, 3, 5.00000000000000000000e-01) (0, 3, 0.00000000000000000000e+00) (3, 0, 5.00000000000000000000e-01) (0, 0, 0.00000000000000000000e+00) 
connections (connected_to_neuron, weight)=(0, -1.36801257729530334473e-01) (1, -1.25642552971839904785e-01) (2, -1.29020363092422485352e-01) (3, -1.92975550889968872070e-01) (4, -4.63655367493629455566e-02) (5, -1.78542584180831909180e-01) (6, -1.15926921367645263672e-01) (7, -3.48639264702796936035e-02) (8, -1.80237948894500732422e-01) (9, -1.75256192684173583984e-01) (0, -9.90519374608993530273e-02) (1, -1.76495164632797241211e-01) (2, -3.01140919327735900879e-02) (3, -1.53365015983581542969e-01) (4, -9.37789157032966613770e-02) (5, -3.11674252152442932129e-02) (6, -6.72053173184394836426e-02) (7, -1.05710409581661224365e-01) (8, -1.19892612099647521973e-01) (9, -1.08575500547885894775e-01) (10, 3.28333452343940734863e-02) (11, 8.01447257399559020996e-02) (12, 1.83747351169586181641e-01) 
