FANN_FLO_2.1
num_layers=3
learning_rate=0.100000
connection_rate=1.000000
network_type=0
learning_momentum=0.000000
training_algorithm=2
train_error_function=1
train_stop_function=0
cascade_output_change_fraction=0.010000
quickprop_decay=-0.000100
quickprop_mu=1.750000
rprop_increase_factor=1.200000
rprop_decrease_factor=0.500000
rprop_delta_min=0.000000
rprop_delta_max=50.000000
rprop_delta_zero=0.100000
cascade_output_stagnation_epochs=12
cascade_candidate_change_fraction=0.010000
cascade_candidate_stagnation_epochs=12
cascade_max_out_epochs=150
cascade_min_out_epochs=50
cascade_max_cand_epochs=150
cascade_min_cand_epochs=50
cascade_num_candidate_groups=2
bit_fail_limit=3.49999994039535522461e-01
cascade_candidate_limit=1.00000000000000000000e+03
cascade_weight_multiplier=4.00000005960464477539e-01
cascade_activation_functions_count=10
cascade_activation_functions=3 5 7 8 10 11 14 15 16 17 
cascade_activation_steepnesses_count=4
cascade_activation_steepnesses=2.50000000000000000000e-01 5.00000000000000000000e-01 7.50000000000000000000e-01 1.00000000000000000000e+00 
layer_sizes=10 3 2 
scale_included=0
neurons (num_inputs, activation_function, activation_steepness)=(0, 0, 0.00000000000000000000e+00) (0, 0, 0.00000000000000000000e+00) (0, 0, 0.00000000000000000000e+00) (0, 0, 0.00000000000000000000e+00) (0, 0, 0.00000000000000000000e+00) (0, 0, 0.00000000000000000000e+00) (0, 0, 0.00000000000000000000e+00) (0, 0, 0.00000000000000000000e+00) (0, 0, 0.00000000000000000000e+00) (0, 0, 0.00000000000000000000e+00) (10, 3, 5.00000000000000000000e-01) (10, 3, 5.00000000000000000000e-01) (0, 3, 0.00000000000000000000e+00) (3, 0, 5.00000000000000000000e-01) (0, 0, 0.00000000000000000000e+00) 
connections (connected_to_neuron, weight)=(0, 1.41320437192916870117e-01) (1, 1.69093072414398193359e-01) (2, 1.21654652059078216553e-01) (3, 6.49047642946243286133e-02) (4, 1.83393597602844238281e-01) (5, 1.22926734387874603271e-01) (6, 3.83534431457519531250e-02) (7, 4.86307591199874877930e-02) (8, 5.87535947561264038086e-02) (9, 1.51403546333312988281e-01) (0, -9.24652144312858581543e-02) (1, -6.06776699423789978027e-02) (2, -1.43002271652221679688e-01) (3, -6.09547272324562072754e-02) (4, -2.18264788389205932617e-01) (5, -1.29438906908035278320e-01) (6, -9.95193570852279663086e-02) (7, -1.73320978879928588867e-01) (8, -1.51312246918678283691e-01) (9, -2.16978549957275390625e-01) (10, 1.73013746738433837891e-01) (11, 2.60879993438720703125e-02) (12, 8.39670449495315551758e-02) 
