FANN_FLO_2.1
num_layers=3
learning_rate=0.100000
connection_rate=1.000000
network_type=0
learning_momentum=0.000000
training_algorithm=2
train_error_function=1
train_stop_function=0
cascade_output_change_fraction=0.010000
quickprop_decay=-0.000100
quickprop_mu=1.750000
rprop_increase_factor=1.200000
rprop_decrease_factor=0.500000
rprop_delta_min=0.000000
rprop_delta_max=50.000000
rprop_delta_zero=0.100000
cascade_output_stagnation_epochs=12
cascade_candidate_change_fraction=0.010000
cascade_candidate_stagnation_epochs=12
cascade_max_out_epochs=150
cascade_min_out_epochs=50
cascade_max_cand_epochs=150
cascade_min_cand_epochs=50
cascade_num_candidate_groups=2
bit_fail_limit=3.49999994039535522461e-01
cascade_candidate_limit=1.00000000000000000000e+03
cascade_weight_multiplier=4.00000005960464477539e-01
cascade_activation_functions_count=10
cascade_activation_functions=3 5 7 8 10 11 14 15 16 17 
cascade_activation_steepnesses_count=4
cascade_activation_steepnesses=2.50000000000000000000e-01 5.00000000000000000000e-01 7.50000000000000000000e-01 1.00000000000000000000e+00 
layer_sizes=19 3 3 
scale_included=0
neurons (num_inputs, activation_function, activation_steepness)=(0, 0, 0.00000000000000000000e+00) (0, 0, 0.00000000000000000000e+00) (0, 0, 0.00000000000000000000e+00) (0, 0, 0.00000000000000000000e+00) (0, 0, 0.00000000000000000000e+00) (0, 0, 0.00000000000000000000e+00) (0, 0, 0.00000000000000000000e+00) (0, 0, 0.00000000000000000000e+00) (0, 0, 0.00000000000000000000e+00) (0, 0, 0.00000000000000000000e+00) (0, 0, 0.00000000000000000000e+00) (0, 0, 0.00000000000000000000e+00) (0, 0, 0.00000000000000000000e+00) (0, 0, 0.00000000000000000000e+00) (0, 0, 0.00000000000000000000e+00) (0, 0, 0.00000000000000000000e+00) (0, 0, 0.00000000000000000000e+00) (0, 0, 0.00000000000000000000e+00) (0, 0, 0.00000000000000000000e+00) (19, 3, 5.00000000000000000000e-01) (19, 3, 5.00000000000000000000e-01) (0, 3, 0.00000000000000000000e+00) (3, 0, 5.00000000000000000000e-01) (3, 0, 5.00000000000000000000e-01) (0, 0, 0.00000000000000000000e+00) 
connections (connected_to_neuron, weight)=(0, 1.07094004750251770020e-01) (1, 1.64124429225921630859e-01) (2, 7.47761949896812438965e-02) (3, 3.65514978766441345215e-02) (4, 1.84794455766677856445e-01) (5, 1.44180327653884887695e-01) (6, 1.31975710391998291016e-01) (7, 7.76235610246658325195e-02) (8, 1.19153141975402832031e-01) (9, 1.73512667417526245117e-01) (10, 1.82047545909881591797e-01) (11, 6.66168630123138427734e-02) (12, 2.30790972709655761719e-02) (13, 1.13703794777393341064e-01) (14, 4.33626845479011535645e-02) (15, 1.22134350240230560303e-01) (16, 7.46468305587768554688e-02) (17, 1.24475315213203430176e-01) (18, 7.68916010856628417969e-02) (0, -6.29428401589393615723e-02) (1, -1.99602544307708740234e-01) (2, -1.53689876198768615723e-01) (3, -1.09567716717720031738e-01) (4, -1.22160807251930236816e-01) (5, -1.51984378695487976074e-01) (6, -1.43632054328918457031e-01) (7, -2.14000031352043151855e-01) (8, -1.84125676751136779785e-01) (9, -1.88569933176040649414e-01) (10, -2.42947116494178771973e-02) (11, -4.95271310210227966309e-02) (12, -1.01475931704044342041e-01) (13, -8.01702663302421569824e-02) (14, -1.94750949740409851074e-01) (15, -8.49244371056556701660e-02) (16, -1.15375816822052001953e-01) (17, -7.05706253647804260254e-02) (18, -1.72948747873306274414e-01) (19, 1.82247757911682128906e-01) (20, 6.85825198888778686523e-02) (21, 2.05639377236366271973e-02) (19, 1.44295305013656616211e-01) (20, 1.15199372172355651855e-01) (21, 2.36430317163467407227e-02) 
