FANN_FLO_2.1
num_layers=3
learning_rate=0.100000
connection_rate=1.000000
network_type=0
learning_momentum=0.000000
training_algorithm=2
train_error_function=1
train_stop_function=0
cascade_output_change_fraction=0.010000
quickprop_decay=-0.000100
quickprop_mu=1.750000
rprop_increase_factor=1.200000
rprop_decrease_factor=0.500000
rprop_delta_min=0.000000
rprop_delta_max=50.000000
rprop_delta_zero=0.100000
cascade_output_stagnation_epochs=12
cascade_candidate_change_fraction=0.010000
cascade_candidate_stagnation_epochs=12
cascade_max_out_epochs=150
cascade_min_out_epochs=50
cascade_max_cand_epochs=150
cascade_min_cand_epochs=50
cascade_num_candidate_groups=2
bit_fail_limit=3.49999994039535522461e-01
cascade_candidate_limit=1.00000000000000000000e+03
cascade_weight_multiplier=4.00000005960464477539e-01
cascade_activation_functions_count=10
cascade_activation_functions=3 5 7 8 10 11 14 15 16 17 
cascade_activation_steepnesses_count=4
cascade_activation_steepnesses=2.50000000000000000000e-01 5.00000000000000000000e-01 7.50000000000000000000e-01 1.00000000000000000000e+00 
layer_sizes=19 3 3 
scale_included=0
neurons (num_inputs, activation_function, activation_steepness)=(0, 0, 0.00000000000000000000e+00) (0, 0, 0.00000000000000000000e+00) (0, 0, 0.00000000000000000000e+00) (0, 0, 0.00000000000000000000e+00) (0, 0, 0.00000000000000000000e+00) (0, 0, 0.00000000000000000000e+00) (0, 0, 0.00000000000000000000e+00) (0, 0, 0.00000000000000000000e+00) (0, 0, 0.00000000000000000000e+00) (0, 0, 0.00000000000000000000e+00) (0, 0, 0.00000000000000000000e+00) (0, 0, 0.00000000000000000000e+00) (0, 0, 0.00000000000000000000e+00) (0, 0, 0.00000000000000000000e+00) (0, 0, 0.00000000000000000000e+00) (0, 0, 0.00000000000000000000e+00) (0, 0, 0.00000000000000000000e+00) (0, 0, 0.00000000000000000000e+00) (0, 0, 0.00000000000000000000e+00) (19, 3, 5.00000000000000000000e-01) (19, 3, 5.00000000000000000000e-01) (0, 3, 0.00000000000000000000e+00) (3, 0, 5.00000000000000000000e-01) (3, 0, 5.00000000000000000000e-01) (0, 0, 0.00000000000000000000e+00) 
connections (connected_to_neuron, weight)=(0, -1.62382662296295166016e-01) (1, -3.90141084790229797363e-02) (2, -2.53948345780372619629e-02) (3, -2.02678501605987548828e-01) (4, -1.99386566877365112305e-01) (5, -1.40634477138519287109e-01) (6, -1.24519273638725280762e-01) (7, -1.85727715492248535156e-01) (8, 2.56187468767166137695e-02) (9, -7.53410533070564270020e-02) (10, -1.16946779191493988037e-01) (11, -1.58627957105636596680e-01) (12, -6.17785081267356872559e-02) (13, -1.01290859282016754150e-01) (14, -7.60989710688591003418e-02) (15, -2.03647732734680175781e-01) (16, -2.00360625982284545898e-01) (17, -1.71919375658035278320e-01) (18, -1.98761001229286193848e-01) (0, -5.45473769307136535645e-02) (1, -1.13387838006019592285e-01) (2, -1.25651106238365173340e-01) (3, -1.72591596841812133789e-01) (4, -5.18703088164329528809e-02) (5, -1.65765270590782165527e-01) (6, -1.00942932069301605225e-01) (7, -1.61675885319709777832e-01) (8, -4.92549464106559753418e-02) (9, -1.73795625567436218262e-01) (10, -2.12926447391510009766e-01) (11, -7.70815536379814147949e-02) (12, -1.16178274154663085938e-01) (13, -3.19405421614646911621e-02) (14, -8.24763849377632141113e-02) (15, -9.88567695021629333496e-02) (16, -2.11327105760574340820e-01) (17, -2.03110858798027038574e-01) (18, -2.03376054763793945312e-01) (19, 6.29452019929885864258e-02) (20, 4.25078943371772766113e-02) (21, 1.81282907724380493164e-01) (19, 1.65998429059982299805e-01) (20, 1.03879943490028381348e-01) (21, 1.39504402875900268555e-01) 
