FANN_FLO_2.1
num_layers=3
learning_rate=0.100000
connection_rate=1.000000
network_type=0
learning_momentum=0.000000
training_algorithm=2
train_error_function=1
train_stop_function=0
cascade_output_change_fraction=0.010000
quickprop_decay=-0.000100
quickprop_mu=1.750000
rprop_increase_factor=1.200000
rprop_decrease_factor=0.500000
rprop_delta_min=0.000000
rprop_delta_max=50.000000
rprop_delta_zero=0.100000
cascade_output_stagnation_epochs=12
cascade_candidate_change_fraction=0.010000
cascade_candidate_stagnation_epochs=12
cascade_max_out_epochs=150
cascade_min_out_epochs=50
cascade_max_cand_epochs=150
cascade_min_cand_epochs=50
cascade_num_candidate_groups=2
bit_fail_limit=3.49999994039535522461e-01
cascade_candidate_limit=1.00000000000000000000e+03
cascade_weight_multiplier=4.00000005960464477539e-01
cascade_activation_functions_count=10
cascade_activation_functions=3 5 7 8 10 11 14 15 16 17 
cascade_activation_steepnesses_count=4
cascade_activation_steepnesses=2.50000000000000000000e-01 5.00000000000000000000e-01 7.50000000000000000000e-01 1.00000000000000000000e+00 
layer_sizes=10 3 2 
scale_included=0
neurons (num_inputs, activation_function, activation_steepness)=(0, 0, 0.00000000000000000000e+00) (0, 0, 0.00000000000000000000e+00) (0, 0, 0.00000000000000000000e+00) (0, 0, 0.00000000000000000000e+00) (0, 0, 0.00000000000000000000e+00) (0, 0, 0.00000000000000000000e+00) (0, 0, 0.00000000000000000000e+00) (0, 0, 0.00000000000000000000e+00) (0, 0, 0.00000000000000000000e+00) (0, 0, 0.00000000000000000000e+00) (10, 3, 5.00000000000000000000e-01) (10, 3, 5.00000000000000000000e-01) (0, 3, 0.00000000000000000000e+00) (3, 0, 5.00000000000000000000e-01) (0, 0, 0.00000000000000000000e+00) 
connections (connected_to_neuron, weight)=(0, 1.91219240427017211914e-01) (1, 1.14537201821804046631e-01) (2, 1.10797874629497528076e-01) (3, 5.46988099813461303711e-02) (4, 1.58150047063827514648e-01) (5, 2.29628309607505798340e-02) (6, 1.95843100547790527344e-01) (7, 1.49735897779464721680e-01) (8, 3.88799160718917846680e-02) (9, 1.83571070432662963867e-01) (0, 1.45215123891830444336e-01) (1, 2.09194779396057128906e-01) (2, 2.87735909223556518555e-02) (3, 5.89561760425567626953e-02) (4, 6.03942312300205230713e-02) (5, 7.84885287284851074219e-02) (6, 1.22429072856903076172e-01) (7, 9.79968532919883728027e-02) (8, 1.48404866456985473633e-01) (9, 2.92779952287673950195e-02) (10, 1.61869704723358154297e-01) (11, 2.16923654079437255859e-01) (12, 1.52780413627624511719e-01) 
