FANN_FLO_2.1
num_layers=3
learning_rate=0.100000
connection_rate=1.000000
network_type=0
learning_momentum=0.000000
training_algorithm=2
train_error_function=1
train_stop_function=0
cascade_output_change_fraction=0.010000
quickprop_decay=-0.000100
quickprop_mu=1.750000
rprop_increase_factor=1.200000
rprop_decrease_factor=0.500000
rprop_delta_min=0.000000
rprop_delta_max=50.000000
rprop_delta_zero=0.100000
cascade_output_stagnation_epochs=12
cascade_candidate_change_fraction=0.010000
cascade_candidate_stagnation_epochs=12
cascade_max_out_epochs=150
cascade_min_out_epochs=50
cascade_max_cand_epochs=150
cascade_min_cand_epochs=50
cascade_num_candidate_groups=2
bit_fail_limit=3.49999994039535522461e-01
cascade_candidate_limit=1.00000000000000000000e+03
cascade_weight_multiplier=4.00000005960464477539e-01
cascade_activation_functions_count=10
cascade_activation_functions=3 5 7 8 10 11 14 15 16 17 
cascade_activation_steepnesses_count=4
cascade_activation_steepnesses=2.50000000000000000000e-01 5.00000000000000000000e-01 7.50000000000000000000e-01 1.00000000000000000000e+00 
layer_sizes=19 3 3 
scale_included=0
neurons (num_inputs, activation_function, activation_steepness)=(0, 0, 0.00000000000000000000e+00) (0, 0, 0.00000000000000000000e+00) (0, 0, 0.00000000000000000000e+00) (0, 0, 0.00000000000000000000e+00) (0, 0, 0.00000000000000000000e+00) (0, 0, 0.00000000000000000000e+00) (0, 0, 0.00000000000000000000e+00) (0, 0, 0.00000000000000000000e+00) (0, 0, 0.00000000000000000000e+00) (0, 0, 0.00000000000000000000e+00) (0, 0, 0.00000000000000000000e+00) (0, 0, 0.00000000000000000000e+00) (0, 0, 0.00000000000000000000e+00) (0, 0, 0.00000000000000000000e+00) (0, 0, 0.00000000000000000000e+00) (0, 0, 0.00000000000000000000e+00) (0, 0, 0.00000000000000000000e+00) (0, 0, 0.00000000000000000000e+00) (0, 0, 0.00000000000000000000e+00) (19, 3, 5.00000000000000000000e-01) (19, 3, 5.00000000000000000000e-01) (0, 3, 0.00000000000000000000e+00) (3, 0, 5.00000000000000000000e-01) (3, 0, 5.00000000000000000000e-01) (0, 0, 0.00000000000000000000e+00) 
connections (connected_to_neuron, weight)=(0, -1.66657805442810058594e-01) (1, -2.57639363408088684082e-02) (2, -3.52602228522300720215e-02) (3, -3.76152321696281433105e-02) (4, -1.24520421028137207031e-01) (5, -1.11572980880737304688e-01) (6, -6.93471506237983703613e-02) (7, -3.47453132271766662598e-02) (8, -1.94463461637496948242e-01) (9, -1.51843309402465820312e-01) (10, -1.16387084126472473145e-01) (11, -2.09283024072647094727e-01) (12, -1.36563718318939208984e-01) (13, -6.97408691048622131348e-02) (14, -2.06807613372802734375e-01) (15, -1.71501755714416503906e-01) (16, -3.18607762455940246582e-02) (17, -2.19163820147514343262e-02) (18, -5.05261346697807312012e-02) (0, -1.64380162954330444336e-01) (1, -1.78391069173812866211e-01) (2, -7.99155756831169128418e-02) (3, -1.32638067007064819336e-01) (4, -6.37101456522941589355e-02) (5, -8.58010426163673400879e-02) (6, -1.94941073656082153320e-01) (7, -5.35745546221733093262e-02) (8, -8.10089632868766784668e-02) (9, -1.44202142953872680664e-01) (10, -1.53187155723571777344e-01) (11, -8.18596854805946350098e-02) (12, -9.08599421381950378418e-02) (13, -1.58951103687286376953e-01) (14, -9.71199050545692443848e-02) (15, -1.08475163578987121582e-01) (16, -6.34715184569358825684e-02) (17, -1.88692867755889892578e-01) (18, -1.57822310924530029297e-01) (19, 1.61783188581466674805e-01) (20, 7.68436789512634277344e-02) (21, 1.50334388017654418945e-01) (19, 6.53961151838302612305e-02) (20, 8.75606685876846313477e-02) (21, 3.37706729769706726074e-02) 
