FANN_FLO_2.1
num_layers=3
learning_rate=0.100000
connection_rate=1.000000
network_type=0
learning_momentum=0.000000
training_algorithm=2
train_error_function=1
train_stop_function=0
cascade_output_change_fraction=0.010000
quickprop_decay=-0.000100
quickprop_mu=1.750000
rprop_increase_factor=1.200000
rprop_decrease_factor=0.500000
rprop_delta_min=0.000000
rprop_delta_max=50.000000
rprop_delta_zero=0.100000
cascade_output_stagnation_epochs=12
cascade_candidate_change_fraction=0.010000
cascade_candidate_stagnation_epochs=12
cascade_max_out_epochs=150
cascade_min_out_epochs=50
cascade_max_cand_epochs=150
cascade_min_cand_epochs=50
cascade_num_candidate_groups=2
bit_fail_limit=3.49999994039535522461e-01
cascade_candidate_limit=1.00000000000000000000e+03
cascade_weight_multiplier=4.00000005960464477539e-01
cascade_activation_functions_count=10
cascade_activation_functions=3 5 7 8 10 11 14 15 16 17 
cascade_activation_steepnesses_count=4
cascade_activation_steepnesses=2.50000000000000000000e-01 5.00000000000000000000e-01 7.50000000000000000000e-01 1.00000000000000000000e+00 
layer_sizes=10 3 2 
scale_included=0
neurons (num_inputs, activation_function, activation_steepness)=(0, 0, 0.00000000000000000000e+00) (0, 0, 0.00000000000000000000e+00) (0, 0, 0.00000000000000000000e+00) (0, 0, 0.00000000000000000000e+00) (0, 0, 0.00000000000000000000e+00) (0, 0, 0.00000000000000000000e+00) (0, 0, 0.00000000000000000000e+00) (0, 0, 0.00000000000000000000e+00) (0, 0, 0.00000000000000000000e+00) (0, 0, 0.00000000000000000000e+00) (10, 3, 5.00000000000000000000e-01) (10, 3, 5.00000000000000000000e-01) (0, 3, 0.00000000000000000000e+00) (3, 0, 5.00000000000000000000e-01) (0, 0, 0.00000000000000000000e+00) 
connections (connected_to_neuron, weight)=(0, -6.26927986741065979004e-02) (1, -1.21664866805076599121e-01) (2, -1.98412030935287475586e-01) (3, -4.01112362742424011230e-02) (4, -9.50221046805381774902e-02) (5, -5.85728809237480163574e-02) (6, -1.17477573454380035400e-01) (7, -1.71161964535713195801e-01) (8, -1.20544329285621643066e-01) (9, -9.49385240674018859863e-02) (0, 1.98587536811828613281e-01) (1, 6.15869127213954925537e-02) (2, 6.34272173047065734863e-02) (3, 3.95209044218063354492e-02) (4, 1.40665039420127868652e-01) (5, 1.60916715860366821289e-01) (6, 9.40691530704498291016e-02) (7, 1.71724587678909301758e-01) (8, 2.02359944581985473633e-01) (9, 1.08378246426582336426e-01) (10, 1.08913779258728027344e-01) (11, 1.74329847097396850586e-01) (12, 1.01434320211410522461e-01) 
