FANN_FLO_2.1
num_layers=3
learning_rate=0.100000
connection_rate=1.000000
network_type=0
learning_momentum=0.000000
training_algorithm=2
train_error_function=1
train_stop_function=0
cascade_output_change_fraction=0.010000
quickprop_decay=-0.000100
quickprop_mu=1.750000
rprop_increase_factor=1.200000
rprop_decrease_factor=0.500000
rprop_delta_min=0.000000
rprop_delta_max=50.000000
rprop_delta_zero=0.100000
cascade_output_stagnation_epochs=12
cascade_candidate_change_fraction=0.010000
cascade_candidate_stagnation_epochs=12
cascade_max_out_epochs=150
cascade_min_out_epochs=50
cascade_max_cand_epochs=150
cascade_min_cand_epochs=50
cascade_num_candidate_groups=2
bit_fail_limit=3.49999994039535522461e-01
cascade_candidate_limit=1.00000000000000000000e+03
cascade_weight_multiplier=4.00000005960464477539e-01
cascade_activation_functions_count=10
cascade_activation_functions=3 5 7 8 10 11 14 15 16 17 
cascade_activation_steepnesses_count=4
cascade_activation_steepnesses=2.50000000000000000000e-01 5.00000000000000000000e-01 7.50000000000000000000e-01 1.00000000000000000000e+00 
layer_sizes=10 3 2 
scale_included=0
neurons (num_inputs, activation_function, activation_steepness)=(0, 0, 0.00000000000000000000e+00) (0, 0, 0.00000000000000000000e+00) (0, 0, 0.00000000000000000000e+00) (0, 0, 0.00000000000000000000e+00) (0, 0, 0.00000000000000000000e+00) (0, 0, 0.00000000000000000000e+00) (0, 0, 0.00000000000000000000e+00) (0, 0, 0.00000000000000000000e+00) (0, 0, 0.00000000000000000000e+00) (0, 0, 0.00000000000000000000e+00) (10, 3, 5.00000000000000000000e-01) (10, 3, 5.00000000000000000000e-01) (0, 3, 0.00000000000000000000e+00) (3, 0, 5.00000000000000000000e-01) (0, 0, 0.00000000000000000000e+00) 
connections (connected_to_neuron, weight)=(0, -9.66452956199645996094e-02) (1, -1.39796450734138488770e-01) (2, -1.28579229116439819336e-01) (3, -2.82654091715812683105e-02) (4, -8.40083733201026916504e-02) (5, -1.68704465031623840332e-01) (6, -5.26645705103874206543e-02) (7, -7.03097507357597351074e-02) (8, -9.01051089167594909668e-02) (9, -3.01103517413139343262e-02) (0, -1.70028418302536010742e-01) (1, -6.17964193224906921387e-02) (2, -1.86148077249526977539e-01) (3, -2.01773971319198608398e-01) (4, -1.94553807377815246582e-01) (5, -1.69187352061271667480e-01) (6, -8.83758142590522766113e-02) (7, -2.94211730360984802246e-02) (8, -1.09770134091377258301e-01) (9, -1.23604662716388702393e-01) (10, 5.18476292490959167480e-02) (11, 6.66672587394714355469e-02) (12, 9.14999097585678100586e-02) 
