FANN_FLO_2.1
num_layers=3
learning_rate=0.100000
connection_rate=1.000000
network_type=0
learning_momentum=0.000000
training_algorithm=2
train_error_function=1
train_stop_function=0
cascade_output_change_fraction=0.010000
quickprop_decay=-0.000100
quickprop_mu=1.750000
rprop_increase_factor=1.200000
rprop_decrease_factor=0.500000
rprop_delta_min=0.000000
rprop_delta_max=50.000000
rprop_delta_zero=0.100000
cascade_output_stagnation_epochs=12
cascade_candidate_change_fraction=0.010000
cascade_candidate_stagnation_epochs=12
cascade_max_out_epochs=150
cascade_min_out_epochs=50
cascade_max_cand_epochs=150
cascade_min_cand_epochs=50
cascade_num_candidate_groups=2
bit_fail_limit=3.49999994039535522461e-01
cascade_candidate_limit=1.00000000000000000000e+03
cascade_weight_multiplier=4.00000005960464477539e-01
cascade_activation_functions_count=10
cascade_activation_functions=3 5 7 8 10 11 14 15 16 17 
cascade_activation_steepnesses_count=4
cascade_activation_steepnesses=2.50000000000000000000e-01 5.00000000000000000000e-01 7.50000000000000000000e-01 1.00000000000000000000e+00 
layer_sizes=10 3 2 
scale_included=0
neurons (num_inputs, activation_function, activation_steepness)=(0, 0, 0.00000000000000000000e+00) (0, 0, 0.00000000000000000000e+00) (0, 0, 0.00000000000000000000e+00) (0, 0, 0.00000000000000000000e+00) (0, 0, 0.00000000000000000000e+00) (0, 0, 0.00000000000000000000e+00) (0, 0, 0.00000000000000000000e+00) (0, 0, 0.00000000000000000000e+00) (0, 0, 0.00000000000000000000e+00) (0, 0, 0.00000000000000000000e+00) (10, 3, 5.00000000000000000000e-01) (10, 3, 5.00000000000000000000e-01) (0, 3, 0.00000000000000000000e+00) (3, 0, 5.00000000000000000000e-01) (0, 0, 0.00000000000000000000e+00) 
connections (connected_to_neuron, weight)=(0, -2.01286330819129943848e-01) (1, -2.29112729430198669434e-02) (2, -1.85890823602676391602e-01) (3, -1.66993170976638793945e-01) (4, -6.37367591261863708496e-02) (5, -8.08988139033317565918e-02) (6, -2.19809398055076599121e-01) (7, -1.12850651144981384277e-01) (8, -1.96893721818923950195e-01) (9, -1.32208630442619323730e-01) (0, -2.00430154800415039062e-01) (1, -1.01418897509574890137e-01) (2, -1.85066312551498413086e-01) (3, -1.10992476344108581543e-01) (4, -1.86622172594070434570e-01) (5, -3.53246852755546569824e-02) (6, -1.07402004301548004150e-01) (7, -1.29162058234214782715e-01) (8, -1.98433339595794677734e-01) (9, -1.18662141263484954834e-01) (10, 7.68330097198486328125e-02) (11, 2.46198102831840515137e-02) (12, 1.68823122978210449219e-01) 
