FANN_FLO_2.1
num_layers=3
learning_rate=0.100000
connection_rate=1.000000
network_type=0
learning_momentum=0.000000
training_algorithm=2
train_error_function=1
train_stop_function=0
cascade_output_change_fraction=0.010000
quickprop_decay=-0.000100
quickprop_mu=1.750000
rprop_increase_factor=1.200000
rprop_decrease_factor=0.500000
rprop_delta_min=0.000000
rprop_delta_max=50.000000
rprop_delta_zero=0.100000
cascade_output_stagnation_epochs=12
cascade_candidate_change_fraction=0.010000
cascade_candidate_stagnation_epochs=12
cascade_max_out_epochs=150
cascade_min_out_epochs=50
cascade_max_cand_epochs=150
cascade_min_cand_epochs=50
cascade_num_candidate_groups=2
bit_fail_limit=3.49999994039535522461e-01
cascade_candidate_limit=1.00000000000000000000e+03
cascade_weight_multiplier=4.00000005960464477539e-01
cascade_activation_functions_count=10
cascade_activation_functions=3 5 7 8 10 11 14 15 16 17 
cascade_activation_steepnesses_count=4
cascade_activation_steepnesses=2.50000000000000000000e-01 5.00000000000000000000e-01 7.50000000000000000000e-01 1.00000000000000000000e+00 
layer_sizes=19 3 3 
scale_included=0
neurons (num_inputs, activation_function, activation_steepness)=(0, 0, 0.00000000000000000000e+00) (0, 0, 0.00000000000000000000e+00) (0, 0, 0.00000000000000000000e+00) (0, 0, 0.00000000000000000000e+00) (0, 0, 0.00000000000000000000e+00) (0, 0, 0.00000000000000000000e+00) (0, 0, 0.00000000000000000000e+00) (0, 0, 0.00000000000000000000e+00) (0, 0, 0.00000000000000000000e+00) (0, 0, 0.00000000000000000000e+00) (0, 0, 0.00000000000000000000e+00) (0, 0, 0.00000000000000000000e+00) (0, 0, 0.00000000000000000000e+00) (0, 0, 0.00000000000000000000e+00) (0, 0, 0.00000000000000000000e+00) (0, 0, 0.00000000000000000000e+00) (0, 0, 0.00000000000000000000e+00) (0, 0, 0.00000000000000000000e+00) (0, 0, 0.00000000000000000000e+00) (19, 3, 5.00000000000000000000e-01) (19, 3, 5.00000000000000000000e-01) (0, 3, 0.00000000000000000000e+00) (3, 0, 5.00000000000000000000e-01) (3, 0, 5.00000000000000000000e-01) (0, 0, 0.00000000000000000000e+00) 
connections (connected_to_neuron, weight)=(0, 1.91470146179199218750e-01) (1, 9.12986025214195251465e-02) (2, 9.01752337813377380371e-02) (3, 1.58971667289733886719e-01) (4, 7.11267143487930297852e-02) (5, 1.98799401521682739258e-01) (6, 1.92116141319274902344e-01) (7, 5.26088923215866088867e-02) (8, 6.34955018758773803711e-02) (9, 1.53466105461120605469e-01) (10, 1.69690549373626708984e-01) (11, 1.20808862149715423584e-01) (12, 1.99691712856292724609e-01) (13, 5.80042675137519836426e-02) (14, 2.39408537745475769043e-02) (15, 4.77521568536758422852e-02) (16, 2.01772838830947875977e-01) (17, 3.35617586970329284668e-02) (18, 1.58266305923461914062e-01) (0, -3.33496555685997009277e-02) (1, -2.45688185095787048340e-02) (2, -4.82923910021781921387e-02) (3, -1.52774721384048461914e-01) (4, -3.17904725670814514160e-02) (5, -7.51783773303031921387e-02) (6, -5.77965453267097473145e-02) (7, -2.05170854926109313965e-01) (8, -1.84239819645881652832e-01) (9, -8.02586004137992858887e-02) (10, -1.95570766925811767578e-01) (11, -2.13127255439758300781e-01) (12, -1.08788475394248962402e-01) (13, -1.24272160232067108154e-01) (14, -1.42952024936676025391e-01) (15, -1.69816821813583374023e-01) (16, -7.31454417109489440918e-02) (17, -1.64152622222900390625e-01) (18, -1.97700679302215576172e-01) (19, 1.99463456869125366211e-01) (20, 1.19342885911464691162e-01) (21, 1.75765454769134521484e-01) (19, 1.49153977632522583008e-01) (20, 2.01517418026924133301e-02) (21, 1.55457168817520141602e-01) 
