FANN_FLO_2.1
num_layers=3
learning_rate=0.100000
connection_rate=1.000000
network_type=0
learning_momentum=0.000000
training_algorithm=2
train_error_function=1
train_stop_function=0
cascade_output_change_fraction=0.010000
quickprop_decay=-0.000100
quickprop_mu=1.750000
rprop_increase_factor=1.200000
rprop_decrease_factor=0.500000
rprop_delta_min=0.000000
rprop_delta_max=50.000000
rprop_delta_zero=0.100000
cascade_output_stagnation_epochs=12
cascade_candidate_change_fraction=0.010000
cascade_candidate_stagnation_epochs=12
cascade_max_out_epochs=150
cascade_min_out_epochs=50
cascade_max_cand_epochs=150
cascade_min_cand_epochs=50
cascade_num_candidate_groups=2
bit_fail_limit=3.49999994039535522461e-01
cascade_candidate_limit=1.00000000000000000000e+03
cascade_weight_multiplier=4.00000005960464477539e-01
cascade_activation_functions_count=10
cascade_activation_functions=3 5 7 8 10 11 14 15 16 17 
cascade_activation_steepnesses_count=4
cascade_activation_steepnesses=2.50000000000000000000e-01 5.00000000000000000000e-01 7.50000000000000000000e-01 1.00000000000000000000e+00 
layer_sizes=10 3 2 
scale_included=0
neurons (num_inputs, activation_function, activation_steepness)=(0, 0, 0.00000000000000000000e+00) (0, 0, 0.00000000000000000000e+00) (0, 0, 0.00000000000000000000e+00) (0, 0, 0.00000000000000000000e+00) (0, 0, 0.00000000000000000000e+00) (0, 0, 0.00000000000000000000e+00) (0, 0, 0.00000000000000000000e+00) (0, 0, 0.00000000000000000000e+00) (0, 0, 0.00000000000000000000e+00) (0, 0, 0.00000000000000000000e+00) (10, 3, 5.00000000000000000000e-01) (10, 3, 5.00000000000000000000e-01) (0, 3, 0.00000000000000000000e+00) (3, 0, 5.00000000000000000000e-01) (0, 0, 0.00000000000000000000e+00) 
connections (connected_to_neuron, weight)=(0, -1.45303681492805480957e-01) (1, -1.58062100410461425781e-01) (2, -1.26495301723480224609e-01) (3, -1.23364582657814025879e-01) (4, -1.97831213474273681641e-01) (5, -1.62370786070823669434e-01) (6, -1.93604767322540283203e-01) (7, -4.74076196551322937012e-02) (8, -1.80922210216522216797e-01) (9, -1.80152162909507751465e-01) (0, -1.07264086604118347168e-01) (1, -7.61087462306022644043e-02) (2, -5.82830235362052917480e-02) (3, -1.06709800660610198975e-01) (4, -5.25836870074272155762e-02) (5, -1.72304153442382812500e-01) (6, -2.13598698377609252930e-01) (7, -9.65664610266685485840e-02) (8, -2.16419160366058349609e-01) (9, -2.96997800469398498535e-02) (10, 3.12274619936943054199e-02) (11, 5.07685244083404541016e-02) (12, 1.81744992733001708984e-01) 
