FANN_FLO_2.1
num_layers=3
learning_rate=0.100000
connection_rate=1.000000
network_type=0
learning_momentum=0.000000
training_algorithm=2
train_error_function=1
train_stop_function=0
cascade_output_change_fraction=0.010000
quickprop_decay=-0.000100
quickprop_mu=1.750000
rprop_increase_factor=1.200000
rprop_decrease_factor=0.500000
rprop_delta_min=0.000000
rprop_delta_max=50.000000
rprop_delta_zero=0.100000
cascade_output_stagnation_epochs=12
cascade_candidate_change_fraction=0.010000
cascade_candidate_stagnation_epochs=12
cascade_max_out_epochs=150
cascade_min_out_epochs=50
cascade_max_cand_epochs=150
cascade_min_cand_epochs=50
cascade_num_candidate_groups=2
bit_fail_limit=3.49999994039535522461e-01
cascade_candidate_limit=1.00000000000000000000e+03
cascade_weight_multiplier=4.00000005960464477539e-01
cascade_activation_functions_count=10
cascade_activation_functions=3 5 7 8 10 11 14 15 16 17 
cascade_activation_steepnesses_count=4
cascade_activation_steepnesses=2.50000000000000000000e-01 5.00000000000000000000e-01 7.50000000000000000000e-01 1.00000000000000000000e+00 
layer_sizes=19 3 3 
scale_included=0
neurons (num_inputs, activation_function, activation_steepness)=(0, 0, 0.00000000000000000000e+00) (0, 0, 0.00000000000000000000e+00) (0, 0, 0.00000000000000000000e+00) (0, 0, 0.00000000000000000000e+00) (0, 0, 0.00000000000000000000e+00) (0, 0, 0.00000000000000000000e+00) (0, 0, 0.00000000000000000000e+00) (0, 0, 0.00000000000000000000e+00) (0, 0, 0.00000000000000000000e+00) (0, 0, 0.00000000000000000000e+00) (0, 0, 0.00000000000000000000e+00) (0, 0, 0.00000000000000000000e+00) (0, 0, 0.00000000000000000000e+00) (0, 0, 0.00000000000000000000e+00) (0, 0, 0.00000000000000000000e+00) (0, 0, 0.00000000000000000000e+00) (0, 0, 0.00000000000000000000e+00) (0, 0, 0.00000000000000000000e+00) (0, 0, 0.00000000000000000000e+00) (19, 3, 5.00000000000000000000e-01) (19, 3, 5.00000000000000000000e-01) (0, 3, 0.00000000000000000000e+00) (3, 0, 5.00000000000000000000e-01) (3, 0, 5.00000000000000000000e-01) (0, 0, 0.00000000000000000000e+00) 
connections (connected_to_neuron, weight)=(0, -1.79486423730850219727e-01) (1, -1.48393750190734863281e-01) (2, -1.55006587505340576172e-01) (3, -8.37378427386283874512e-02) (4, -2.07968547940254211426e-01) (5, -4.29396554827690124512e-02) (6, -8.83074924349784851074e-02) (7, -7.72618576884269714355e-02) (8, -7.02290758490562438965e-02) (9, -4.50851842761039733887e-02) (10, -2.15411424636840820312e-01) (11, -4.82750460505485534668e-02) (12, -1.36213988065719604492e-01) (13, -2.10931956768035888672e-01) (14, -2.07421317696571350098e-01) (15, -2.08928883075714111328e-01) (16, -1.25996679067611694336e-01) (17, -1.16403259336948394775e-01) (18, -1.33863270282745361328e-01) (0, 1.18316456675529479980e-01) (1, 1.91722184419631958008e-01) (2, 1.11902341246604919434e-01) (3, 5.17068803310394287109e-02) (4, 1.76753580570220947266e-01) (5, 1.96991682052612304688e-01) (6, -1.01709738373756408691e-01) (7, 2.15379953384399414062e-01) (8, 1.61285549402236938477e-01) (9, 8.13417285680770874023e-02) (10, -1.50093197822570800781e-01) (11, 3.77136617898941040039e-02) (12, 1.21855303645133972168e-01) (13, 1.61513060331344604492e-01) (14, -1.37292936444282531738e-01) (15, 5.81174567341804504395e-02) (16, 1.73544526100158691406e-01) (17, 7.97674059867858886719e-02) (18, 1.89809978008270263672e-01) (19, 1.16282679140567779541e-01) (20, 2.95383334159851074219e-02) (21, 1.64724767208099365234e-01) (19, 1.20871260762214660645e-01) (20, 2.01263278722763061523e-01) (21, 4.85107973217964172363e-02) 
