FANN_FLO_2.1
num_layers=3
learning_rate=0.100000
connection_rate=1.000000
network_type=0
learning_momentum=0.000000
training_algorithm=2
train_error_function=1
train_stop_function=0
cascade_output_change_fraction=0.010000
quickprop_decay=-0.000100
quickprop_mu=1.750000
rprop_increase_factor=1.200000
rprop_decrease_factor=0.500000
rprop_delta_min=0.000000
rprop_delta_max=50.000000
rprop_delta_zero=0.100000
cascade_output_stagnation_epochs=12
cascade_candidate_change_fraction=0.010000
cascade_candidate_stagnation_epochs=12
cascade_max_out_epochs=150
cascade_min_out_epochs=50
cascade_max_cand_epochs=150
cascade_min_cand_epochs=50
cascade_num_candidate_groups=2
bit_fail_limit=3.49999994039535522461e-01
cascade_candidate_limit=1.00000000000000000000e+03
cascade_weight_multiplier=4.00000005960464477539e-01
cascade_activation_functions_count=10
cascade_activation_functions=3 5 7 8 10 11 14 15 16 17 
cascade_activation_steepnesses_count=4
cascade_activation_steepnesses=2.50000000000000000000e-01 5.00000000000000000000e-01 7.50000000000000000000e-01 1.00000000000000000000e+00 
layer_sizes=19 3 3 
scale_included=0
neurons (num_inputs, activation_function, activation_steepness)=(0, 0, 0.00000000000000000000e+00) (0, 0, 0.00000000000000000000e+00) (0, 0, 0.00000000000000000000e+00) (0, 0, 0.00000000000000000000e+00) (0, 0, 0.00000000000000000000e+00) (0, 0, 0.00000000000000000000e+00) (0, 0, 0.00000000000000000000e+00) (0, 0, 0.00000000000000000000e+00) (0, 0, 0.00000000000000000000e+00) (0, 0, 0.00000000000000000000e+00) (0, 0, 0.00000000000000000000e+00) (0, 0, 0.00000000000000000000e+00) (0, 0, 0.00000000000000000000e+00) (0, 0, 0.00000000000000000000e+00) (0, 0, 0.00000000000000000000e+00) (0, 0, 0.00000000000000000000e+00) (0, 0, 0.00000000000000000000e+00) (0, 0, 0.00000000000000000000e+00) (0, 0, 0.00000000000000000000e+00) (19, 3, 5.00000000000000000000e-01) (19, 3, 5.00000000000000000000e-01) (0, 3, 0.00000000000000000000e+00) (3, 0, 5.00000000000000000000e-01) (3, 0, 5.00000000000000000000e-01) (0, 0, 0.00000000000000000000e+00) 
connections (connected_to_neuron, weight)=(0, -1.22804082930088043213e-01) (1, -4.49003204703330993652e-02) (2, -2.05939739942550659180e-01) (3, -1.76910579204559326172e-01) (4, -2.07032978534698486328e-01) (5, -1.03855334222316741943e-01) (6, -6.92545250058174133301e-02) (7, -5.73940351605415344238e-02) (8, -2.37097963690757751465e-02) (9, -1.48733824491500854492e-01) (10, -1.63638234138488769531e-01) (11, -2.66182944178581237793e-02) (12, -7.24444910883903503418e-02) (13, -8.41404572129249572754e-02) (14, -2.99416109919548034668e-02) (15, -9.16800722479820251465e-02) (16, -1.01414881646633148193e-01) (17, -2.19138309359550476074e-01) (18, -5.38904741406440734863e-02) (0, -5.45044317841529846191e-02) (1, -2.18038350343704223633e-01) (2, -2.11996003985404968262e-01) (3, -1.80443748831748962402e-01) (4, -1.37766897678375244141e-01) (5, -2.09805876016616821289e-01) (6, -2.10300460457801818848e-01) (7, -4.29347231984138488770e-02) (8, -9.99033004045486450195e-02) (9, -7.52939507365226745605e-02) (10, -1.44790038466453552246e-01) (11, -1.39550045132637023926e-01) (12, -1.78098022937774658203e-01) (13, -1.69690355658531188965e-01) (14, -1.25489786267280578613e-01) (15, -1.35008573532104492188e-01) (16, -1.56723335385322570801e-01) (17, -2.09345117211341857910e-01) (18, -1.84263110160827636719e-01) (19, 4.58826348185539245605e-02) (20, 2.69450917840003967285e-02) (21, 1.27003073692321777344e-01) (19, 1.02244392037391662598e-01) (20, 2.03267931938171386719e-02) (21, 7.45585858821868896484e-02) 
