FANN_FLO_2.1
num_layers=3
learning_rate=0.100000
connection_rate=1.000000
network_type=0
learning_momentum=0.000000
training_algorithm=2
train_error_function=1
train_stop_function=0
cascade_output_change_fraction=0.010000
quickprop_decay=-0.000100
quickprop_mu=1.750000
rprop_increase_factor=1.200000
rprop_decrease_factor=0.500000
rprop_delta_min=0.000000
rprop_delta_max=50.000000
rprop_delta_zero=0.100000
cascade_output_stagnation_epochs=12
cascade_candidate_change_fraction=0.010000
cascade_candidate_stagnation_epochs=12
cascade_max_out_epochs=150
cascade_min_out_epochs=50
cascade_max_cand_epochs=150
cascade_min_cand_epochs=50
cascade_num_candidate_groups=2
bit_fail_limit=3.49999994039535522461e-01
cascade_candidate_limit=1.00000000000000000000e+03
cascade_weight_multiplier=4.00000005960464477539e-01
cascade_activation_functions_count=10
cascade_activation_functions=3 5 7 8 10 11 14 15 16 17 
cascade_activation_steepnesses_count=4
cascade_activation_steepnesses=2.50000000000000000000e-01 5.00000000000000000000e-01 7.50000000000000000000e-01 1.00000000000000000000e+00 
layer_sizes=10 3 2 
scale_included=0
neurons (num_inputs, activation_function, activation_steepness)=(0, 0, 0.00000000000000000000e+00) (0, 0, 0.00000000000000000000e+00) (0, 0, 0.00000000000000000000e+00) (0, 0, 0.00000000000000000000e+00) (0, 0, 0.00000000000000000000e+00) (0, 0, 0.00000000000000000000e+00) (0, 0, 0.00000000000000000000e+00) (0, 0, 0.00000000000000000000e+00) (0, 0, 0.00000000000000000000e+00) (0, 0, 0.00000000000000000000e+00) (10, 3, 5.00000000000000000000e-01) (10, 3, 5.00000000000000000000e-01) (0, 3, 0.00000000000000000000e+00) (3, 0, 5.00000000000000000000e-01) (0, 0, 0.00000000000000000000e+00) 
connections (connected_to_neuron, weight)=(0, -1.76207870244979858398e-01) (1, -1.06286093592643737793e-01) (2, -7.13489428162574768066e-02) (3, -1.99561879038810729980e-01) (4, -3.36444005370140075684e-02) (5, -1.77940294146537780762e-01) (6, -2.00177729129791259766e-01) (7, -1.40919342637062072754e-01) (8, -5.18875643610954284668e-02) (9, -2.04036012291908264160e-01) (0, -1.37635633349418640137e-01) (1, -1.64685845375061035156e-01) (2, -2.18129277229309082031e-01) (3, -5.34911975264549255371e-02) (4, -2.02600732445716857910e-01) (5, -1.28552377223968505859e-01) (6, -1.46464377641677856445e-01) (7, -1.56752511858940124512e-01) (8, -7.71358534693717956543e-02) (9, -9.10992547869682312012e-02) (10, 1.16092517971992492676e-01) (11, 2.21645832061767578125e-02) (12, 1.26404479146003723145e-01) 
