FANN_FLO_2.1
num_layers=3
learning_rate=0.100000
connection_rate=1.000000
network_type=0
learning_momentum=0.000000
training_algorithm=2
train_error_function=1
train_stop_function=0
cascade_output_change_fraction=0.010000
quickprop_decay=-0.000100
quickprop_mu=1.750000
rprop_increase_factor=1.200000
rprop_decrease_factor=0.500000
rprop_delta_min=0.000000
rprop_delta_max=50.000000
rprop_delta_zero=0.100000
cascade_output_stagnation_epochs=12
cascade_candidate_change_fraction=0.010000
cascade_candidate_stagnation_epochs=12
cascade_max_out_epochs=150
cascade_min_out_epochs=50
cascade_max_cand_epochs=150
cascade_min_cand_epochs=50
cascade_num_candidate_groups=2
bit_fail_limit=3.49999994039535522461e-01
cascade_candidate_limit=1.00000000000000000000e+03
cascade_weight_multiplier=4.00000005960464477539e-01
cascade_activation_functions_count=10
cascade_activation_functions=3 5 7 8 10 11 14 15 16 17 
cascade_activation_steepnesses_count=4
cascade_activation_steepnesses=2.50000000000000000000e-01 5.00000000000000000000e-01 7.50000000000000000000e-01 1.00000000000000000000e+00 
layer_sizes=10 3 2 
scale_included=0
neurons (num_inputs, activation_function, activation_steepness)=(0, 0, 0.00000000000000000000e+00) (0, 0, 0.00000000000000000000e+00) (0, 0, 0.00000000000000000000e+00) (0, 0, 0.00000000000000000000e+00) (0, 0, 0.00000000000000000000e+00) (0, 0, 0.00000000000000000000e+00) (0, 0, 0.00000000000000000000e+00) (0, 0, 0.00000000000000000000e+00) (0, 0, 0.00000000000000000000e+00) (0, 0, 0.00000000000000000000e+00) (10, 3, 5.00000000000000000000e-01) (10, 3, 5.00000000000000000000e-01) (0, 3, 0.00000000000000000000e+00) (3, 0, 5.00000000000000000000e-01) (0, 0, 0.00000000000000000000e+00) 
connections (connected_to_neuron, weight)=(0, -8.16144272685050964355e-02) (1, -4.88918349146842956543e-02) (2, -1.16878762841224670410e-01) (3, -1.72958463430404663086e-01) (4, -2.10959479212760925293e-01) (5, -6.11384436488151550293e-02) (6, -1.64573222398757934570e-01) (7, -1.14964440464973449707e-01) (8, -9.14933010935783386230e-02) (9, -5.33402338624000549316e-02) (0, -1.95132076740264892578e-01) (1, -2.07384020090103149414e-01) (2, -4.43837717175483703613e-02) (3, -2.64020487666130065918e-02) (4, -7.00043812394142150879e-02) (5, -1.38197809457778930664e-01) (6, -1.38400405645370483398e-01) (7, -5.95610216259956359863e-02) (8, -2.10990875959396362305e-01) (9, -4.69002351164817810059e-02) (10, 9.45017188787460327148e-02) (11, 3.64098697900772094727e-02) (12, 1.68422222137451171875e-01) 
