FANN_FLO_2.1
num_layers=3
learning_rate=0.100000
connection_rate=1.000000
network_type=0
learning_momentum=0.000000
training_algorithm=2
train_error_function=1
train_stop_function=0
cascade_output_change_fraction=0.010000
quickprop_decay=-0.000100
quickprop_mu=1.750000
rprop_increase_factor=1.200000
rprop_decrease_factor=0.500000
rprop_delta_min=0.000000
rprop_delta_max=50.000000
rprop_delta_zero=0.100000
cascade_output_stagnation_epochs=12
cascade_candidate_change_fraction=0.010000
cascade_candidate_stagnation_epochs=12
cascade_max_out_epochs=150
cascade_min_out_epochs=50
cascade_max_cand_epochs=150
cascade_min_cand_epochs=50
cascade_num_candidate_groups=2
bit_fail_limit=3.49999994039535522461e-01
cascade_candidate_limit=1.00000000000000000000e+03
cascade_weight_multiplier=4.00000005960464477539e-01
cascade_activation_functions_count=10
cascade_activation_functions=3 5 7 8 10 11 14 15 16 17 
cascade_activation_steepnesses_count=4
cascade_activation_steepnesses=2.50000000000000000000e-01 5.00000000000000000000e-01 7.50000000000000000000e-01 1.00000000000000000000e+00 
layer_sizes=10 3 2 
scale_included=0
neurons (num_inputs, activation_function, activation_steepness)=(0, 0, 0.00000000000000000000e+00) (0, 0, 0.00000000000000000000e+00) (0, 0, 0.00000000000000000000e+00) (0, 0, 0.00000000000000000000e+00) (0, 0, 0.00000000000000000000e+00) (0, 0, 0.00000000000000000000e+00) (0, 0, 0.00000000000000000000e+00) (0, 0, 0.00000000000000000000e+00) (0, 0, 0.00000000000000000000e+00) (0, 0, 0.00000000000000000000e+00) (10, 3, 5.00000000000000000000e-01) (10, 3, 5.00000000000000000000e-01) (0, 3, 0.00000000000000000000e+00) (3, 0, 5.00000000000000000000e-01) (0, 0, 0.00000000000000000000e+00) 
connections (connected_to_neuron, weight)=(0, -8.99882391095161437988e-02) (1, -4.48984578251838684082e-02) (2, -1.50116354227066040039e-01) (3, -2.03401580452919006348e-01) (4, -1.16743065416812896729e-01) (5, -2.20398381352424621582e-02) (6, -3.13191041350364685059e-02) (7, -2.08056867122650146484e-01) (8, -1.32577806711196899414e-01) (9, -1.54000446200370788574e-01) (0, -1.74774527549743652344e-01) (1, -8.08539316058158874512e-02) (2, -9.61286053061485290527e-02) (3, -4.14673611521720886230e-02) (4, -6.61748424172401428223e-02) (5, -4.97501417994499206543e-02) (6, -1.83755367994308471680e-01) (7, -9.99046191573143005371e-02) (8, -2.47697159647941589355e-02) (9, -1.13326869904994964600e-01) (10, 1.13461896777153015137e-01) (11, 9.23171341419219970703e-02) (12, 7.25140497088432312012e-02) 
